5.30162	0.004	5.29762	1.1125	0.00810185	1.00125	
5.30162	0.00412311	5.2975	1.11247	0.00810185	-2.32515e-05	
5.30162	0.0114018	5.29022	1.11095	0.00810185	-0.00137563	
5.30162	0.0230217	5.2786	1.10851	0.00810185	-0.00219619	
5.30162	0.039	5.26262	1.10515	0.00810185	-0.00301991	
5.30162	0.065192	5.23643	1.09965	0.00810185	-0.00495032	
5.30162	0.0822192	5.2194	1.09607	0.00810185	-0.00321808	
5.30162	0.108374	5.19325	1.09058	0.00810185	-0.00494329	
5.30162	0.121499	5.18012	1.08783	0.00810185	-0.00248061	
5.30162	0.150748	5.15087	1.08168	0.00810185	-0.0055281	
5.30162	0.179011	5.12261	1.07575	0.00810185	-0.00534172	
5.30162	0.194139	5.10748	1.07257	0.00810185	-0.00285913	
5.30162	0.222092	5.07953	1.0667	0.00810185	-0.00528314	
5.30947	0.246272	5.0632	1.06327	0.00810185	-0.00308633	
5.30947	0.27553	5.03394	1.05713	0.00810185	-0.00552981	
5.30947	0.294742	5.01473	1.05309	0.00810185	-0.00363102	
5.30947	0.313847	4.99562	1.04908	0.00810185	-0.00361084	
5.30947	0.346092	4.96338	1.04231	0.00810185	-0.00609434	
5.31124	0.365308	4.94593	1.03865	0.00810185	-0.0032973	
5.31124	0.383419	4.92782	1.03484	0.00810185	-0.00342293	
5.31124	0.41689	4.89435	1.02781	0.00810185	-0.00632595	
5.31124	0.435877	4.87536	1.02383	0.00810185	-0.00358867	
5.31439	0.456968	4.85742	1.02006	0.00810185	-0.00339085	
5.31439	0.481041	4.83335	1.015	0.00810185	-0.00454964	
5.31439	0.509974	4.80442	1.00893	0.00810185	-0.00546853	
5.31439	0.528305	4.78609	1.00508	0.00810185	-0.00346448	
5.31439	0.561545	4.75284	0.998097	0.00810185	-0.00628242	
5.31911	0.579656	4.73945	0.995285	0.00810185	-0.0025309	
5.31911	0.601854	4.71726	0.990624	0.00810185	-0.00419537	
5.31911	0.627033	4.69208	0.985336	0.00810185	-0.00475881	
5.31891	0.643156	4.67575	0.981908	0.00810185	-0.00308515	
5.31891	0.662374	4.65654	0.977872	0.00810185	-0.0036322	
5.31755	0.682941	4.63461	0.973268	0.00810185	-0.00414409	
5.31755	0.697834	4.61972	0.97014	0.00810185	-0.00281488	
5.32873	0.710746	4.61798	0.969777	0.00810185	-0.000327324	
5.32873	0.731952	4.59678	0.965323	0.00810185	-0.00400792	
5.3254	0.748076	4.57732	0.961238	0.00810185	-0.00367681	
5.3254	0.795812	4.52959	0.951213	0.00810185	-0.00902204	
5.32246	0.904545	4.41792	0.927762	0.00810185	-0.0211062	
5.32914	1.00217	4.32697	0.908664	0.00810185	-0.0171879	
5.33423	1.14211	4.19212	0.880344	0.00810185	-0.0254882	
5.33423	1.37294	3.96129	0.83187	0.00810185	-0.0436267	
5.3317	1.53773	3.79397	0.796735	0.00810185	-0.0316221	
5.3317	1.73157	3.60013	0.756027	0.00810185	-0.0366371	
5.33898	2.0977	3.24128	0.680668	0.00810185	-0.0678229	
5.34291	2.32526	3.01765	0.633707	0.00810185	-0.0422649	
5.34786	2.55937	2.78849	0.585583	0.00810185	-0.0433111	
5.34963	2.79717	2.55246	0.536017	0.00810185	-0.04461	
5.35239	3.20661	2.14578	0.450614	0.00810185	-0.0768624	
5.36259	3.38533	1.97726	0.415224	0.00810185	-0.0318509	
5.3624	3.6784	1.684	0.35364	0.00810185	-0.0554258	
5.36882	4.07825	1.29057	0.271019	0.00810185	-0.0743589	
5.37902	4.29614	1.08288	0.227404	0.00810185	-0.0392533	
5.3842	4.51445	0.86975	0.182648	0.00810185	-0.040281	
5.38258	4.86825	0.514331	0.10801	0.00810185	-0.0671742	
5.38946	5.06308	0.326377	0.0685392	0.00810185	-0.0355234	
5.39413	5.24411	0.150024	0.0315051	0.00810185	-0.0333306	
5.39468	5.52164	-0.126961	-0.0266618	0.00736125	-0.0523502	
5.39886	5.62232	-0.223457	-0.046926	0.00605775	-0.0182379	
5.40678	5.68379	-0.277008	-0.0581716	0.00444187	-0.010121	
5.41237	5.72088	-0.308506	-0.0647862	0.00264225	-0.00595311	
5.41323	5.74735	-0.334121	-0.0701655	0.000693212	-0.00484137	
5.41487	5.75587	-0.341004	-0.0716109	-0.00129598	-0.00130091	
5.41505	5.75795	-0.342898	-0.0720086	-0.00329622	-0.000357875	
5.41022	5.76412	-0.353897	-0.0743184	-0.00536062	-0.00207885	
5.40697	5.76046	-0.353491	-0.0742332	-0.00742265	7.6694e-05	
5.41053	5.75117	-0.340644	-0.0715352	-0.00810185	0.00242816	
5.40234	5.73368	-0.33134	-0.0695815	-0.00810185	0.00175837	
5.38405	5.7247	-0.340648	-0.0715361	-0.00810185	-0.00175919	
5.37957	5.70579	-0.326221	-0.0685064	-0.00810185	0.00272674	
5.36594	5.67619	-0.310254	-0.0651533	-0.00810185	0.00301783	
5.34063	5.65635	-0.315715	-0.0663002	-0.00810185	-0.00103226	
5.33213	5.636	-0.303869	-0.0638124	-0.00810185	0.002239	
5.301	5.60546	-0.304463	-0.0639373	-0.00810185	-0.000112382	
5.28741	5.59368	-0.306273	-0.0643173	-0.00810185	-0.000342014	
5.2841	5.56795	-0.283846	-0.0596077	-0.00810185	0.00423863	
5.25753	5.53869	-0.28116	-0.0590437	-0.00810185	0.000507658	
5.24779	5.51108	-0.263292	-0.0552913	-0.00810185	0.00337715	
5.24271	5.48255	-0.239841	-0.0503667	-0.00810185	0.00443212	
5.22573	5.4634	-0.237667	-0.0499101	-0.00810185	0.000410957	
5.20334	5.42732	-0.223983	-0.0470364	-0.00810185	0.00258633	
5.1944	5.41018	-0.215781	-0.045314	-0.00810185	0.00155019	
5.1846	5.37739	-0.192789	-0.0404856	-0.00810185	0.00434551	
5.16241	5.36371	-0.201304	-0.0422738	-0.00810185	-0.0016094	
5.16178	5.34185	-0.180072	-0.0378151	-0.00810185	0.00401287	
5.14701	5.30691	-0.159904	-0.0335798	-0.00810185	0.00381172	
5.13078	5.27657	-0.145785	-0.0306148	-0.00810185	0.00266852	
5.11967	5.26586	-0.146189	-0.0306996	-0.00810185	-7.63335e-05	
5.10918	5.22667	-0.117489	-0.0246727	-0.00810185	0.00542428	
5.09452	5.1996	-0.105075	-0.0220658	-0.00810185	0.00234615	
5.08457	5.17703	-0.0924649	-0.0194176	-0.00810185	0.00238337	
5.06347	5.14835	-0.0848756	-0.0178239	-0.00810185	0.00143439	
5.05908	5.12673	-0.067647	-0.0142059	-0.00810185	0.00325621	
5.04914	5.08751	-0.0383706	-0.00805783	-0.00810185	0.00553323	
5.03232	5.0634	-0.031076	-0.00652595	-0.00810185	0.00137869	
5.02409	5.04529	-0.0211983	-0.00445164	-0.00810185	0.00186688	
5.01595	5.01682	-0.000873089	-0.000183349	-0.00810185	0.00384146	
4.99853	4.98838	0.0101485	0.00213119	-0.00804265	0.00208309	
4.9898	4.96124	0.0285563	0.00599683	-0.00787607	0.00347908	
4.98488	4.93855	0.0463338	0.0097301	-0.00760579	0.00335994	
4.9659	4.89877	0.0671253	0.0140963	-0.00721423	0.0039296	
4.9452	4.86951	0.0756903	0.015895	-0.0067727	0.00161878	
4.94108	4.85751	0.0835733	0.0175504	-0.00628519	0.0014899	
4.92021	4.82069	0.099524	0.0209	-0.00570463	0.00301468	
4.90744	4.80014	0.1073	0.0225331	-0.00507872	0.00146971	
4.89981	4.79158	0.108227	0.0227276	-0.00444739	0.000175107	
4.88518	4.77007	0.115111	0.0241734	-0.00377591	0.00130118	
4.87318	4.75529	0.117893	0.0247575	-0.0030882	0.000525683	
4.85459	4.75214	0.102448	0.021514	-0.00249059	-0.00291915	
4.84541	4.73966	0.105755	0.0222085	-0.00187369	0.000625088	
4.82732	4.73523	0.0920949	0.0193399	-0.00133647	-0.00258173	
4.81807	4.72733	0.0907412	0.0190556	-0.000807145	-0.000255857	
4.79571	4.72191	0.0737977	0.0154975	-0.000376658	-0.00320231	
4.78415	4.71992	0.0642343	0.0134892	-1.95821e-06	-0.00180749	
4.78415	4.71235	0.071805	0.015079	0.000416904	0.00143087	
4.75571	4.70429	0.0514212	0.0107984	0.000716861	-0.00385254	
4.74745	4.69573	0.0517163	0.0108604	0.00101854	5.57857e-05	
4.7388	4.69244	0.0463591	0.0097354	0.00128897	-0.00101252	
4.72059	4.67896	0.0416303	0.00874236	0.00153181	-0.000893742	
4.70175	4.6737	0.0280509	0.00589069	0.00169544	-0.0025665	
4.6972	4.65627	0.0409274	0.00859476	0.00193418	0.00243366	
4.68463	4.652	0.03263	0.00685229	0.00212453	-0.00156822	
4.66737	4.63527	0.0321007	0.00674114	0.00231178	-0.000100036	
4.65757	4.62426	0.0333118	0.00699549	0.0025061	0.00022891	
4.63796	4.60353	0.0344267	0.0072296	0.00270692	0.000210706	
4.62716	4.59844	0.0287237	0.00603198	0.00287448	-0.00107786	
4.61893	4.59252	0.0264077	0.00554562	0.00302852	-0.000437724	
4.61285	4.57923	0.0336204	0.00706027	0.00322464	0.00136319	
4.60598	4.55875	0.0472336	0.00991905	0.00350017	0.0025729	
4.59462	4.54838	0.0462403	0.00971047	0.0037699	-0.000187725	
4.59343	4.53866	0.0547729	0.0115023	0.00408941	0.00161265	
4.58599	4.52306	0.0629253	0.0132143	0.00445648	0.00154082	
4.58206	4.50627	0.0757866	0.0159152	0.00489857	0.00243078	
4.57892	4.5025	0.0764165	0.0160475	0.00534433	0.000119051	
4.57837	4.48957	0.0887976	0.0186475	0.00586231	0.00234002	
4.58265	4.4876	0.0950475	0.01996	0.00641676	0.00118123	
4.58893	4.48691	0.102017	0.0214237	0.00701186	0.00131732	
4.59422	4.4825	0.111715	0.0234602	0.00766353	0.00183291	
4.59186	4.4843	0.107558	0.0225871	0.00810185	-0.000785776	
4.5964	4.48164	0.114757	0.0240989	0.00810185	0.00136058	
4.59817	4.49484	0.103327	0.0216986	0.00810185	-0.00216023	
4.60973	4.49884	0.11089	0.023287	0.00810185	0.00142952	
4.60915	4.50857	0.100575	0.0211208	0.00810185	-0.00194952	
4.62704	4.51269	0.114352	0.024014	0.00810185	0.00260381	
4.63254	4.52381	0.108734	0.0228342	0.00810185	-0.00106182	
4.64056	4.52972	0.110845	0.0232775	0.00810185	0.000398971	
4.648	4.53881	0.109188	0.0229295	0.00810185	-0.000313175	
4.66106	4.54327	0.117785	0.0247348	0.00810185	0.00162481	
4.6662	4.54855	0.117652	0.024707	0.00810185	-2.5054e-05	
4.66883	4.55892	0.10991	0.0230812	0.00810185	-0.00146322	
4.67603	4.56321	0.112822	0.0236925	0.00810185	0.000550196	
4.68005	4.57108	0.108966	0.0228828	0.00810185	-0.000728728	
4.68576	4.58047	0.105289	0.0221107	0.00810185	-0.000694932	
4.68965	4.59124	0.0984149	0.0206671	0.00810185	-0.0012992	
4.69219	4.59964	0.0925541	0.0194364	0.00810185	-0.00110769	
4.69113	4.60508	0.0860467	0.0180698	0.00810185	-0.0012299	
4.68382	4.61366	0.070159	0.0147334	0.00810185	-0.00300278	
4.67798	4.62537	0.0526114	0.0110484	0.00810185	-0.0033165	
4.66381	4.63001	0.0337977	0.00709753	0.00810185	-0.00355577	
4.6529	4.63574	0.0171595	0.00360349	0.00810185	-0.00314463	
4.64568	4.63996	0.00572109	0.00120143	0.00810185	-0.00216185	
4.63377	4.64031	-0.0065403	-0.00137346	0.0080637	-0.0023174	
4.61946	4.63764	-0.0181794	-0.00381768	0.00795765	-0.00219979	
4.61157	4.63342	-0.0218496	-0.00458842	0.0078302	-0.000693671	
4.60005	4.62598	-0.025929	-0.00544508	0.00767894	-0.000770996	
4.60281	4.61364	-0.0108266	-0.00227358	0.00761579	0.00285435	
4.58993	4.59683	-0.00689507	-0.00144796	0.00757557	0.000743058	
4.5851	4.58108	0.00402069	0.000844345	0.00759902	0.00206308	
4.5705	4.5614	0.00909996	0.00191099	0.00765211	0.000959982	
4.56638	4.54566	0.0207219	0.0043516	0.00777298	0.00219655	
4.55417	4.51651	0.0376611	0.00790883	0.00799267	0.0032015	
4.54683	4.49907	0.0477643	0.0100305	0.00810185	0.00190951	
4.54191	4.49451	0.0473995	0.0099539	0.00810185	-6.89435e-05	
4.53221	4.4743	0.0579119	0.0121615	0.00810185	0.00198683	
4.51877	4.46108	0.0576916	0.0121152	0.00810185	-4.16365e-05	
4.51687	4.45536	0.0615072	0.0129165	0.00810185	0.000721158	
4.51508	4.45315	0.0619316	0.0130056	0.00810185	8.02088e-05	
4.51107	4.44234	0.0687332	0.014434	0.00810185	0.0012855	
4.50782	4.43615	0.0716724	0.0150512	0.00810185	0.000555513	
4.50197	4.43531	0.0666614	0.0139989	0.00810185	-0.000947094	
4.49764	4.42825	0.0693946	0.0145729	0.00810185	0.000516581	
4.49729	4.43153	0.0657573	0.013809	0.00810185	-0.000687452	
4.49258	4.42461	0.0679708	0.0142739	0.00810185	0.000418347	
4.48731	4.42919	0.0581203	0.0122053	0.00810185	-0.00186174	
4.48484	4.43017	0.0546684	0.0114804	0.00810185	-0.000652395	
4.48376	4.42992	0.0538378	0.0113059	0.00810185	-0.000156993	
4.49047	4.43165	0.0588164	0.0123515	0.00810185	0.000940966	
4.49441	4.42477	0.0696359	0.0146235	0.00810185	0.00204487	
4.49219	4.41968	0.0725064	0.0152263	0.00810185	0.000542536	
4.49056	4.41929	0.0712729	0.0149673	0.00810185	-0.000233146	
4.49019	4.41791	0.072278	0.0151784	0.00810185	0.000189978	
4.49019	4.42242	0.0677705	0.0142318	0.00810185	-0.000851925	
4.49659	4.42242	0.0741706	0.0155758	0.00810185	0.00120962	
4.50282	4.42831	0.0745125	0.0156476	0.00810185	6.46176e-05	
4.50067	4.42734	0.0733318	0.0153997	0.00810185	-0.000223143	
4.51286	4.43089	0.0819654	0.0172127	0.00810185	0.00163175	
4.5153	4.42716	0.0881448	0.0185104	0.00810185	0.00116789	
4.51388	4.42578	0.0881038	0.0185018	0.00810185	-7.75051e-06	
4.51522	4.42889	0.0863271	0.0181287	0.00810185	-0.000335795	
4.51816	4.43321	0.0849547	0.0178405	0.00810185	-0.000259372	
4.52249	4.44066	0.0818319	0.0171847	0.00810185	-0.00059021	
4.52424	4.44988	0.0743585	0.0156153	0.00810185	-0.00141249	
4.5354	4.45322	0.0821819	0.0172582	0.00810185	0.00147864	
4.54382	4.45439	0.0894318	0.0187807	0.00810185	0.00137022	
4.54558	4.46185	0.0837321	0.0175837	0.00810185	-0.00107723	
4.55975	4.46733	0.0924201	0.0194082	0.00810185	0.00164203	
4.56837	4.46694	0.101431	0.0213005	0.00810185	0.00170304	
4.57543	4.47558	0.0998478	0.020968	0.00810185	-0.000299206	
4.58657	4.48029	0.106275	0.0223178	0.00810185	0.00121476	
4.58971	4.48226	0.107453	0.0225651	0.00810185	0.000222602	
4.6011	4.49461	0.106489	0.0223627	0.00810185	-0.000182137	
4.61252	4.50108	0.111443	0.023403	0.00810185	0.00093628	
4.6227	4.50698	0.115718	0.0243009	0.00810185	0.000808036	
4.62896	4.51543	0.113529	0.023841	0.00810185	-0.000413841	
4.64462	4.52345	0.121168	0.0254452	0.00810185	0.00144376	
4.64756	4.52934	0.11822	0.0248262	0.00810185	-0.000557136	
4.65739	4.53899	0.1184	0.024864	0.00810185	3.40662e-05	
4.67445	4.53973	0.134719	0.0282911	0.00810185	0.00308434	
4.68051	4.5466	0.13391	0.028121	0.00810185	-0.000153028	
4.6862	4.55895	0.127247	0.0267219	0.00810185	-0.00125919	
4.6921	4.56446	0.127642	0.0268049	0.00810185	7.46212e-05	
4.6931	4.57131	0.121794	0.0255768	0.00810185	-0.00110526	
4.69778	4.5782	0.11958	0.0251119	0.00810185	-0.000418437	
4.69562	4.59192	0.103704	0.0217779	0.00810185	-0.00300053	
4.69502	4.59544	0.0995851	0.0209129	0.00810185	-0.000778566	
4.696	4.59952	0.0964789	0.0202606	0.00810185	-0.000587056	
4.69916	4.60561	0.0935459	0.0196446	0.00810185	-0.000554342	
4.69504	4.60602	0.0890226	0.0186948	0.00810185	-0.000854899	
4.69424	4.62033	0.0739069	0.0155204	0.00810185	-0.00285687	
4.69385	4.6264	0.0674534	0.0141652	0.00810185	-0.00121971	
4.69365	4.62718	0.0664654	0.0139577	0.00810185	-0.000186733	
4.69659	4.63407	0.0625176	0.0131287	0.00810185	-0.000746122	
4.69306	4.63603	0.057025	0.0119752	0.00810185	-0.00103812	
4.68816	4.63778	0.050375	0.0105787	0.00810185	-0.00125684	
4.68639	4.63346	0.0529323	0.0111158	0.00810185	0.000483325	
4.67973	4.63384	0.0458851	0.00963587	0.00810185	-0.00133192	
4.67678	4.63173	0.0450544	0.00946143	0.00810185	-0.000156993	
4.68365	4.62605	0.0575967	0.0120953	0.00810185	0.00237048	
4.68939	4.62486	0.0645347	0.0135523	0.00810185	0.00131128	
4.68939	4.62305	0.0663362	0.0139306	0.00810185	0.000340482	
4.69524	4.61974	0.0755029	0.0158556	0.00810185	0.00173251	
4.70248	4.61366	0.0888228	0.0186528	0.00810185	0.00251747	
4.70993	4.61268	0.0972543	0.0204234	0.00810185	0.00159354	
4.71875	4.6076	0.111154	0.0233424	0.00810185	0.00262706	
4.74287	4.61071	0.132157	0.0277529	0.00810185	0.00396952	
4.76052	4.60798	0.15254	0.0320333	0.00810185	0.00385236	
4.76405	4.62189	0.142158	0.0298531	0.00810185	-0.00196223	
4.79308	4.62326	0.16982	0.0356622	0.00810185	0.00522817	
4.82916	4.62757	0.201589	0.0423337	0.00810185	0.00600439	
4.83799	4.63777	0.200221	0.0420463	0.00810185	-0.000258651	
4.87761	4.64131	0.236303	0.0496236	0.00810185	0.00681955	
4.91369	4.6462	0.267491	0.0561732	0.00810185	0.00589462	
4.92958	4.65444	0.275145	0.0577805	0.00810185	0.00144655	
4.95939	4.68485	0.27454	0.0576535	0.00810185	-0.000114275	
4.99998	4.75173	0.248247	0.0521319	0.00810185	-0.00496943	
5.02214	4.77311	0.24903	0.0522963	0.00810185	0.000147981	
5.03587	4.81093	0.224939	0.0472372	0.00810185	-0.00455324	
5.05765	4.89761	0.160041	0.0336087	0.00810185	-0.0122656	
5.09412	4.92036	0.173759	0.0364893	0.00810185	0.00259255	
5.10883	4.96883	0.139996	0.0293992	0.00810185	-0.0063811	
5.1155	5.01588	0.099617	0.0209196	0.00810185	-0.00763164	
5.14649	5.04293	0.10356	0.0217476	0.00810185	0.000745221	
5.16305	5.06196	0.101092	0.0212293	0.00810185	-0.000466473	
5.17497	5.09922	0.0757508	0.0159077	0.00810185	-0.00478946	
5.19826	5.11	0.0882564	0.0185338	0.00810185	0.00236355	
5.21179	5.11589	0.0959039	0.0201398	0.00810185	0.00144538	
5.2212	5.13432	0.0868793	0.0182446	0.00810185	-0.00170565	
5.2265	5.14395	0.0825477	0.017335	0.00810185	-0.00081867	
5.23101	5.16276	0.0682468	0.0143318	0.00810185	-0.00270286	
5.23042	5.17786	0.0525575	0.0110371	0.00810185	-0.00296529	
5.24101	5.18884	0.0521693	0.0109556	0.00810185	-7.33595e-05	
5.2467	5.19708	0.0496187	0.0104199	0.00810185	-0.000482064	
5.24336	5.1961	0.0472612	0.00992486	0.00810185	-0.000445564	
5.24653	5.19375	0.0527844	0.0110847	0.00810185	0.00104389	
5.23886	5.18551	0.0533452	0.0112025	0.00810185	0.000105984	
5.24258	5.17786	0.0647173	0.0135906	0.00810185	0.00214932	
5.25142	5.17139	0.0800314	0.0168066	0.00810185	0.00289437	
5.24635	5.16786	0.0784931	0.0164836	0.00810185	-0.000290734	
5.24969	5.16355	0.0861354	0.0180884	0.00810185	0.00144439	
5.25457	5.15688	0.0976949	0.0205159	0.00810185	0.00218474	
5.25887	5.15393	0.104938	0.022037	0.00810185	0.00136896	
5.2569	5.14864	0.108258	0.0227342	0.00810185	0.000627521	
5.25905	5.14806	0.110992	0.0233083	0.00810185	0.000516671	
5.25533	5.14295	0.112379	0.0235995	0.00810185	0.000262075	
5.25869	5.14275	0.115936	0.0243466	0.00810185	0.000672402	
5.26281	5.14236	0.120449	0.0252942	0.00810185	0.000852827	
5.26319	5.1457	0.117491	0.0246731	0.00810185	-0.000559028	
5.26558	5.14511	0.120472	0.0252991	0.00810185	0.000563444	
5.27092	5.14962	0.121302	0.0254734	0.00810185	0.000156903	
5.27447	5.1506	0.123867	0.026012	0.00810185	0.000484677	
5.27815	5.15432	0.123826	0.0260034	0.00810185	-7.75051e-06	
5.28078	5.15629	0.124495	0.0261439	0.00810185	0.000126441	
5.28143	5.15746	0.123967	0.0260331	0.00810185	-9.96752e-05	
5.28995	5.16374	0.126212	0.0265044	0.00810185	0.000424205	
5.28882	5.16668	0.122139	0.0256492	0.00810185	-0.000769734	
5.29196	5.16864	0.123318	0.0258967	0.00810185	0.000222782	
5.29359	5.17609	0.117496	0.0246743	0.00810185	-0.00110021	
5.30328	5.17885	0.124434	0.026131	0.00810185	0.0013111	
5.31133	5.17864	0.132687	0.0278643	0.00810185	0.00155993	
5.30991	5.18394	0.125968	0.0264533	0.00810185	-0.00126991	
5.31513	5.19237	0.122759	0.0257794	0.00810185	-0.000606523	
5.32078	5.18923	0.131546	0.0276247	0.00810185	0.00166077	
5.32084	5.19277	0.128074	0.0268956	0.00810185	-0.00065618	
5.33104	5.1969	0.134135	0.0281684	0.00810185	0.00114554	
5.33358	5.20276	0.130815	0.0274712	0.00810185	-0.000627521	
5.34134	5.20531	0.136025	0.0285653	0.00810185	0.000984765	
5.34385	5.20512	0.13873	0.0291332	0.00810185	0.000511083	
5.34119	5.2128	0.128393	0.0269626	0.00810185	-0.00195358	
5.35008	5.21653	0.133551	0.0280456	0.00810185	0.000974762	
5.34891	5.22161	0.127298	0.0267327	0.00810185	-0.00118168	
5.35881	5.224	0.134814	0.028311	0.00810185	0.00142051	
5.36261	5.2289	0.133707	0.0280784	0.00810185	-0.000209354	
5.36059	5.24286	0.117727	0.0247226	0.00810185	-0.00302018	
5.37742	5.24676	0.130658	0.0274382	0.00810185	0.00244402	
5.38037	5.25284	0.127528	0.0267808	0.00810185	-0.000591652	
5.38658	5.24962	0.136961	0.0287617	0.00810185	0.0017828	
5.38514	5.26295	0.122188	0.0256595	0.00810185	-0.00279199	
5.39118	5.26741	0.123772	0.0259921	0.00810185	0.000299386	
5.40119	5.27308	0.128114	0.0269039	0.00810185	0.000820563	
5.4024	5.27863	0.123775	0.0259928	0.00810185	-0.000820022	
5.41331	5.2832	0.130106	0.0273223	0.00810185	0.00119655	
5.41658	5.28695	0.129633	0.027223	0.00810185	-8.93111e-05	
5.41855	5.29351	0.125044	0.0262592	0.00810185	-0.000867426	
5.42446	5.29967	0.12479	0.0262059	0.00810185	-4.7945e-05	
5.42877	5.30907	0.119698	0.0251365	0.00810185	-0.000962505	
5.43482	5.3138	0.121023	0.0254149	0.00810185	0.00025054	
5.44287	5.31361	0.129261	0.0271447	0.00810185	0.00155686	
5.44663	5.31796	0.128667	0.0270201	0.00810185	-0.000112112	
5.44647	5.31974	0.126728	0.0266129	0.00810185	-0.000366527	
5.45347	5.32479	0.128681	0.0270229	0.00810185	0.00036905	
5.45566	5.32769	0.127969	0.0268735	0.00810185	-0.000134462	
5.45803	5.33522	0.122807	0.0257894	0.00810185	-0.000975753	
5.4626	5.33714	0.125461	0.0263468	0.00810185	0.00050171	
5.46649	5.33695	0.129538	0.0272029	0.00810185	0.000770455	
5.46763	5.33691	0.130723	0.0274519	0.00810185	0.000224134	
5.46985	5.34402	0.125834	0.0264252	0.00810185	-0.000924023	
5.47486	5.34556	0.129301	0.0271532	0.00810185	0.000655189	
5.47598	5.34537	0.130608	0.0274277	0.00810185	0.000247025	
5.48198	5.35047	0.131509	0.027617	0.00810185	0.000170331	
5.48613	5.35244	0.133695	0.0280759	0.00810185	0.00041303	
5.48622	5.35632	0.1299	0.0272791	0.00810185	-0.000717102	
5.48992	5.3567	0.133225	0.0279772	0.00810185	0.000628332	
5.48968	5.35632	0.13336	0.0280057	0.00810185	2.55947e-05	
5.4938	5.36263	0.131167	0.0275451	0.00810185	-0.000414562	
5.49469	5.36512	0.129573	0.0272103	0.00810185	-0.000301279	
5.4931	5.36942	0.123678	0.0259723	0.00810185	-0.00111418	
5.49932	5.37176	0.127556	0.0267867	0.00810185	0.000732964	
5.50479	5.37645	0.128341	0.0269517	0.00810185	0.000148431	
5.51069	5.37705	0.133638	0.028064	0.00810185	0.00100108	
5.50804	5.37939	0.128645	0.0270155	0.00810185	-0.00094358	
5.51802	5.37883	0.139193	0.0292305	0.00810185	0.0019935	
5.52058	5.38608	0.134501	0.0282452	0.00810185	-0.000886803	
5.52194	5.39035	0.131589	0.0276337	0.00810185	-0.000550376	
5.53465	5.39038	0.144265	0.0302957	0.00810185	0.00239581	
5.54109	5.39466	0.146431	0.0307505	0.00810185	0.000409335	
5.54539	5.40058	0.144807	0.0304095	0.00810185	-0.000306866	
5.55089	5.40315	0.147739	0.0310253	0.00810185	0.000554162	
5.55739	5.40727	0.150123	0.0315258	0.00810185	0.000450431	
5.56305	5.41395	0.149096	0.0313103	0.00810185	-0.000193943	
5.57521	5.41683	0.158382	0.0332603	0.00810185	0.00175504	
5.5856	5.41718	0.168418	0.0353678	0.00810185	0.00189671	
5.59247	5.41588	0.176591	0.0370841	0.00810185	0.00154469	
5.59931	5.41947	0.17984	0.0377664	0.00810185	0.000614093	
5.6052	5.41966	0.185542	0.0389638	0.00810185	0.00107768	
5.61108	5.42405	0.187028	0.0392759	0.00810185	0.000280821	
5.63288	5.42782	0.205063	0.0430632	0.00810185	0.0034086	
5.63894	5.42865	0.210295	0.0441619	0.00810185	0.000988821	
5.64188	5.42918	0.212701	0.0446672	0.00810185	0.000454757	
5.65424	5.43295	0.221289	0.0464707	0.00810185	0.00162319	
5.6627	5.43805	0.22465	0.0471766	0.00810185	0.000635272	
5.66741	5.46139	0.206019	0.043264	0.00810185	-0.00352135	
5.68625	5.47646	0.209787	0.0440552	0.00810185	0.000712146	
5.69236	5.5031	0.18926	0.0397447	0.00810185	-0.00387949	
5.69987	5.52919	0.170675	0.0358418	0.00810185	-0.0035126	
5.71925	5.54569	0.173555	0.0364466	0.00810185	0.000544338	
5.72514	5.56413	0.161014	0.0338129	0.00810185	-0.00237039	
5.72593	5.58807	0.13786	0.0289506	0.00810185	-0.00437606	
5.74631	5.59431	0.152001	0.0319203	0.00810185	0.00267275	
5.7479	5.61999	0.127906	0.0268603	0.00810185	-0.00455397	
5.75725	5.63824	0.119014	0.024993	0.00810185	-0.0016806	
5.77269	5.64489	0.127801	0.0268383	0.00810185	0.00166077	
5.77802	5.65664	0.121378	0.0254895	0.00810185	-0.00121395	
5.78734	5.68197	0.105368	0.0221273	0.00810185	-0.00302594	
5.80062	5.68726	0.113358	0.0238053	0.00810185	0.00151018	
5.8024	5.69765	0.10475	0.0219974	0.00810185	-0.00162707	
5.81198	5.71431	0.0976691	0.0205105	0.00810185	-0.00133822	
5.81783	5.71627	0.101556	0.0213268	0.00810185	0.000734676	
5.82674	5.72235	0.104385	0.0219209	0.00810185	0.000534695	
5.83459	5.72748	0.107108	0.0224927	0.00810185	0.000514598	
5.84132	5.72397	0.117353	0.0246442	0.00810185	0.00193637	
5.85027	5.71808	0.132194	0.0277607	0.00810185	0.00280487	
5.86183	5.71608	0.145748	0.030607	0.00810185	0.00256163	
5.85692	5.71374	0.143182	0.0300682	0.00810185	-0.000484948	
5.86636	5.71431	0.15205	0.0319304	0.00810185	0.001676	
5.87709	5.70984	0.167248	0.0351221	0.00810185	0.00287256	
5.88921	5.7112	0.178007	0.0373814	0.00810185	0.00203334	
5.89258	5.70965	0.182928	0.0384149	0.00810185	0.000930151	
5.8985	5.70588	0.192615	0.0404492	0.00810185	0.00183083	
5.90513	5.70684	0.198288	0.0416406	0.00810185	0.00107227	
5.90707	5.7049	0.202167	0.0424551	0.00810185	0.000733054	
5.91358	5.70569	0.207886	0.043656	0.00810185	0.00108084	
5.92346	5.7018	0.221663	0.0465491	0.00810185	0.00260381	
5.92894	5.70294	0.226	0.04746	0.00810185	0.000819752	
5.93763	5.70234	0.23529	0.0494108	0.00810185	0.00175576	
5.94277	5.70627	0.236503	0.0496657	0.00810185	0.000229361	
5.94633	5.72274	0.223594	0.0469547	0.00810185	-0.00243988	
5.95536	5.74646	0.2089	0.043869	0.00810185	-0.00277712	
5.95924	5.76116	0.198081	0.041597	0.00810185	-0.00204478	
5.96579	5.7794	0.18639	0.0391419	0.00810185	-0.00220962	
5.96893	5.81684	0.152087	0.0319382	0.00810185	-0.0064833	
5.97648	5.82529	0.151189	0.0317498	0.00810185	-0.00016961	
5.98521	5.85469	0.130519	0.027409	0.00810185	-0.00390671	
6.00045	5.85998	0.140467	0.0294981	0.00810185	0.00188022	
6.00396	5.87372	0.130239	0.0273503	0.00810185	-0.00193303	
6.00818	5.89749	0.11069	0.0232448	0.00810185	-0.00369492	
6.01578	5.91339	0.102392	0.0215024	0.00810185	-0.00156822	
6.03206	5.92593	0.10613	0.0222872	0.00810185	0.000706378	
6.03526	5.94982	0.0854392	0.0179422	0.00810185	-0.00391049	
6.06829	5.95473	0.113562	0.023848	0.00810185	0.00531523	
6.0767	5.96536	0.111341	0.0233817	0.00810185	-0.000419699	
6.07964	5.97046	0.109182	0.0229283	0.00810185	-0.000408073	
6.09046	5.98066	0.109804	0.0230589	0.00810185	0.000117519	
6.11931	5.98513	0.13418	0.0281778	0.00810185	0.00460705	
6.12302	5.99531	0.127713	0.0268197	0.00810185	-0.00122233	
6.16106	5.99121	0.169849	0.0356684	0.00810185	0.00796383	
6.17553	5.98846	0.187072	0.0392851	0.00810185	0.00325503	
6.18395	5.98982	0.194126	0.0407665	0.00810185	0.00133327	
6.20358	5.99217	0.211409	0.0443958	0.00810185	0.00326639	
6.22382	5.9965	0.227319	0.047737	0.00810185	0.00300711	
6.23929	5.99787	0.241424	0.050699	0.00810185	0.00266573	
6.26419	5.99964	0.264553	0.0555561	0.00810185	0.00437147	
6.29126	6.0083	0.282956	0.0594207	0.00810185	0.00347809	
6.31091	6.01733	0.293581	0.0616519	0.00810185	0.0020081	
6.32659	6.04203	0.284556	0.0597568	0.00810185	-0.00170556	
6.35937	6.09068	0.268692	0.0564253	0.00810185	-0.00299837	
6.37277	6.11012	0.262647	0.0551559	0.00810185	-0.00114248	
6.39728	6.16501	0.232272	0.0487771	0.00810185	-0.00574097	
6.41647	6.20542	0.211051	0.0443207	0.00810185	-0.00401071	
6.43196	6.2337	0.198258	0.0416342	0.00810185	-0.00241789	
6.46187	6.26803	0.193836	0.0407056	0.00810185	-0.000835703	
6.48952	6.31386	0.175661	0.0368887	0.00810185	-0.00343519	
6.50772	6.32913	0.17859	0.0375039	0.00810185	0.000553621	
6.52555	6.35111	0.174444	0.0366332	0.00810185	-0.000783613	
6.5473	6.37353	0.173774	0.0364926	0.00810185	-0.000126532	
6.56554	6.3898	0.175735	0.0369044	0.00810185	0.000370673	
6.58575	6.39766	0.188091	0.0394991	0.00810185	0.00233516	
6.60184	6.41115	0.190691	0.040045	0.00810185	0.000491346	
6.62012	6.41821	0.201908	0.0424007	0.00810185	0.00212013	
6.6426	6.42493	0.217671	0.045711	0.00810185	0.00297926	
6.64611	6.44083	0.205281	0.043109	0.00810185	-0.00234183	
6.68271	6.4553	0.227412	0.0477566	0.00810185	0.00418284	
6.69427	6.46689	0.227379	0.0477497	0.00810185	-6.21843e-06	
6.69876	6.47479	0.223975	0.0470347	0.00810185	-0.000643473	
6.70844	6.50202	0.206424	0.0433491	0.00810185	-0.00331704	
6.71863	6.52064	0.197994	0.0415787	0.00810185	-0.00159336	
6.72486	6.54107	0.18379	0.0385958	0.00810185	-0.00268456	
6.73183	6.55482	0.17701	0.0371721	0.00810185	-0.00128136	
6.7352	6.57325	0.161949	0.0340092	0.00810185	-0.0028466	
6.73613	6.59108	0.145053	0.0304612	0.00810185	-0.00319321	
6.7402	6.60951	0.130692	0.0274453	0.00810185	-0.0027143	
6.7467	6.61661	0.130087	0.0273182	0.00810185	-0.000114365	
6.75339	6.62915	0.124239	0.0260903	0.00810185	-0.00110517	
6.76293	6.64852	0.114406	0.0240253	0.00810185	-0.0018585	
6.76869	6.65857	0.110116	0.0231245	0.00810185	-0.00081074	
6.7736	6.66058	0.113017	0.0237336	0.00810185	0.000548213	
6.77393	6.68229	0.0916386	0.0192441	0.00810185	-0.00404054	
6.77692	6.69763	0.0792885	0.0166506	0.00810185	-0.00233417	
6.79063	6.69946	0.0911727	0.0191463	0.00810185	0.00224612	
6.80101	6.70025	0.100757	0.021159	0.00810185	0.00181146	
6.81211	6.69843	0.113684	0.0238736	0.00810185	0.00244312	
6.81684	6.69338	0.123464	0.0259275	0.00810185	0.0018485	
6.8115	6.68267	0.128826	0.0270535	0.00810185	0.00101342	
6.81548	6.68403	0.131453	0.027605	0.00810185	0.000496393	
6.82391	6.68004	0.143866	0.0302118	0.00810185	0.00234606	
6.83416	6.67901	0.155147	0.0325808	0.00810185	0.00213211	
6.84966	6.67144	0.17822	0.0374263	0.00810185	0.00436092	
6.85003	6.66658	0.183449	0.0385243	0.00810185	0.00098828	
6.85805	6.67022	0.18783	0.0394443	0.00810185	0.000827953	
6.85695	6.67139	0.185561	0.0389677	0.00810185	-0.000428892	
6.861	6.66905	0.191949	0.0403094	0.00810185	0.00120746	
6.86874	6.6698	0.198942	0.0417778	0.00810185	0.00132155	
6.87501	6.67444	0.200568	0.0421192	0.00810185	0.000307317	
6.88066	6.67641	0.204253	0.0428931	0.00810185	0.000696464	
6.88589	6.68169	0.204199	0.0428818	0.00810185	-1.01838e-05	
6.89365	6.6844	0.209251	0.0439428	0.00810185	0.000954935	
6.8994	6.67721	0.222195	0.046661	0.00810185	0.00244637	
6.90407	6.67856	0.225512	0.0473575	0.00810185	0.00062689	
6.91098	6.6823	0.228676	0.048022	0.00810185	0.000598051	
6.91244	6.68507	0.227373	0.0477483	0.00810185	-0.000246394	
6.91692	6.70036	0.216557	0.045477	0.00810185	-0.00204415	
6.92362	6.71154	0.212077	0.0445361	0.00810185	-0.000846788	
6.92664	6.7317	0.194944	0.0409383	0.00810185	-0.003238	
6.93921	6.74527	0.193941	0.0407276	0.00810185	-0.000189617	
6.93859	6.78409	0.154497	0.0324444	0.00810185	-0.00745491	
6.95439	6.80473	0.149659	0.0314283	0.00810185	-0.00091447	
6.96488	6.81259	0.152286	0.03198	0.00810185	0.000496483	
6.9682	6.82876	0.139443	0.029283	0.00810185	-0.00242726	
6.97336	6.85275	0.120612	0.0253285	0.00810185	-0.00355902	
6.9776	6.87207	0.10553	0.0221614	0.00810185	-0.00285048	
6.98185	6.87858	0.103274	0.0216875	0.00810185	-0.000426458	
6.98574	6.90286	0.0828762	0.017404	0.00810185	-0.00385516	
6.99797	6.90381	0.0941577	0.0197731	0.00810185	0.0021322	
6.99731	6.91072	0.0865908	0.0181841	0.00810185	-0.00143015	
7.00666	6.91438	0.0922771	0.0193782	0.00810185	0.00107471	
7.00437	6.9122	0.0921683	0.0193553	0.00810185	-2.05479e-05	
7.01184	6.90898	0.102858	0.0216001	0.00810185	0.00202027	
7.01184	6.90464	0.107201	0.0225122	0.00810185	0.000820923	
7.01577	6.88625	0.129518	0.0271988	0.00810185	0.0042179	
7.01067	6.88219	0.128476	0.02698	0.00810185	-0.000196917	
7.01187	6.87999	0.131885	0.0276958	0.00810185	0.000644194	
7.01123	6.86683	0.144398	0.0303235	0.00810185	0.00236499	
7.00828	6.86132	0.146963	0.0308623	0.00810185	0.000484858	
7.00975	6.84999	0.15976	0.0335497	0.00810185	0.0024187	
7.0005	6.84307	0.15743	0.0330602	0.00810185	-0.000440517	
6.99322	6.83764	0.155581	0.0326719	0.00810185	-0.000349494	
6.99295	6.83344	0.159506	0.0334963	0.00810185	0.000741976	
6.987	6.82857	0.158429	0.0332701	0.00810185	-0.000203586	
6.97793	6.82506	0.152871	0.0321028	0.00810185	-0.00105055	
6.97002	6.82287	0.147152	0.030902	0.00810185	-0.00108075	
6.96614	6.81339	0.152746	0.0320766	0.00810185	0.00105713	
6.95076	6.81241	0.138348	0.029053	0.00810185	-0.00272124	
6.94972	6.81045	0.139271	0.029247	0.00810185	0.000174567	
6.9369	6.8047	0.132201	0.0277622	0.00810185	-0.00133633	
6.91318	6.80331	0.109866	0.0230719	0.00810185	-0.00422123	
6.90785	6.80272	0.105132	0.0220777	0.00810185	-0.000894733	
6.89875	6.79115	0.107597	0.0225953	0.00810185	0.000465842	
6.88592	6.78448	0.101443	0.021303	0.00810185	-0.00116312	
6.87496	6.77976	0.0951958	0.0199911	0.00810185	-0.00118069	
6.85885	6.77346	0.0853887	0.0179316	0.00810185	-0.00185354	
6.83743	6.76836	0.069068	0.0145043	0.00810185	-0.00308461	
6.82191	6.76212	0.0597911	0.0125561	0.00810185	-0.00175333	
6.81464	6.75113	0.0635076	0.0133366	0.00810185	0.000702413	
6.79229	6.74837	0.04392	0.00922321	0.00810185	-0.00370204	
6.79112	6.73698	0.0541372	0.0113688	0.00810185	0.00193105	
6.78072	6.72973	0.0509934	0.0107086	0.00810185	-0.000594176	
6.76562	6.71467	0.050952	0.0106999	0.00810185	-7.84063e-06	
6.75837	6.70409	0.0542846	0.0113998	0.00810185	0.000629864	
6.74698	6.69622	0.0507622	0.0106601	0.00810185	-0.000665733	
6.73679	6.68129	0.0555015	0.0116553	0.00810185	0.000895725	
6.72405	6.66384	0.060215	0.0126451	0.00810185	0.000890858	
6.71739	6.66032	0.0570722	0.0119852	0.00810185	-0.000593996	
6.71094	6.64759	0.0633469	0.0133028	0.00810185	0.00118592	
6.70837	6.62343	0.0849371	0.0178368	0.00810185	0.00408055	
6.69757	6.61637	0.0811996	0.0170519	0.00810185	-0.000706378	
6.69207	6.5952	0.0968733	0.0203434	0.00810185	0.00296232	
6.68462	6.57835	0.106273	0.0223174	0.00810185	0.00177658	
6.66775	6.57226	0.0954947	0.0200539	0.00810185	-0.00203712	
6.66697	6.56323	0.103744	0.0217862	0.00810185	0.00155911	
6.66345	6.54577	0.117678	0.0247123	0.00810185	0.00263346	
6.65481	6.53814	0.116674	0.0245015	0.00810185	-0.000189707	
6.64893	6.52892	0.120011	0.0252024	0.00810185	0.000630765	
6.64521	6.5193	0.125906	0.0264404	0.00810185	0.00111418	
6.63618	6.51538	0.1208	0.0253681	0.00810185	-0.000965029	
6.63305	6.50774	0.125314	0.026316	0.00810185	0.000853097	
6.63325	6.50362	0.129632	0.0272228	0.00810185	0.000816147	
6.63089	6.49558	0.135314	0.0284159	0.00810185	0.00107381	
6.62363	6.4948	0.128829	0.0270542	0.00810185	-0.00122557	
6.62033	6.49303	0.127298	0.0267326	0.00810185	-0.000289473	
6.62425	6.48989	0.134355	0.0282146	0.00810185	0.00133381	
6.62207	6.49126	0.130806	0.0274693	0.00810185	-0.00067078	
6.62248	6.49185	0.130634	0.0274331	0.00810185	-3.25341e-05	
6.62583	6.48459	0.141239	0.0296602	0.00810185	0.00200441	
6.63012	6.48635	0.143774	0.0301925	0.00810185	0.00047909	
6.62404	6.48679	0.137248	0.0288221	0.00810185	-0.00123341	
6.62739	6.4903	0.137094	0.0287897	0.00810185	-2.91095e-05	
6.63354	6.4907	0.142842	0.0299968	0.00810185	0.00108633	
6.63253	6.49245	0.140079	0.0294166	0.00810185	-0.000522168	
6.63665	6.48756	0.149088	0.0313086	0.00810185	0.00170277	
6.6381	6.48578	0.152323	0.0319879	0.00810185	0.000611389	
6.6426	6.48988	0.152716	0.0320703	0.00810185	7.41706e-05	
6.64115	6.4984	0.142747	0.0299769	0.00810185	-0.0018841	
6.64963	6.50917	0.140456	0.0294958	0.00810185	-0.000432947	
6.65476	6.51621	0.138547	0.029095	0.00810185	-0.000360759	
6.67193	6.50952	0.162412	0.0341066	0.00810185	0.00451044	
6.67016	6.50973	0.160432	0.0336908	0.00810185	-0.000374187	
6.65901	6.51933	0.13968	0.0293329	0.00810185	-0.00392212	
6.65939	6.52251	0.136882	0.0287453	0.00810185	-0.000528837	
6.65739	6.53661	0.120782	0.0253642	0.00810185	-0.00304298	
6.65977	6.54075	0.119021	0.0249944	0.00810185	-0.000332821	
6.66449	6.548	0.116488	0.0244624	0.00810185	-0.000478819	
6.66037	6.5498	0.110568	0.0232192	0.00810185	-0.00111887	
6.66059	6.55136	0.109234	0.0229392	0.00810185	-0.000251982	
6.65118	6.55174	0.099442	0.0208828	0.00810185	-0.00185075	
6.64979	6.55624	0.0935521	0.0196459	0.00810185	-0.00111319	
6.64881	6.55997	0.0888376	0.0186559	0.00810185	-0.000891038	
6.64849	6.55506	0.0934253	0.0196193	0.00810185	0.000867066	
6.64298	6.55744	0.0855436	0.0179642	0.00810185	-0.00148963	
6.63629	6.5543	0.0819893	0.0172177	0.00810185	-0.000671771	
6.63678	6.55117	0.0856147	0.0179791	0.00810185	0.000685199	
6.63149	6.54271	0.088778	0.0186434	0.00810185	0.000597871	
6.62518	6.54547	0.0797138	0.0167399	0.00810185	-0.00171313	
6.62541	6.53859	0.0868154	0.0182312	0.00810185	0.00134219	
6.62035	6.5353	0.085053	0.0178611	0.00810185	-0.000333092	
6.61854	6.52627	0.0922689	0.0193765	0.00810185	0.00136382	
6.62012	6.51839	0.10173	0.0213633	0.00810185	0.00178812	
6.62709	6.50863	0.11846	0.0248765	0.00810185	0.00316194	
6.62784	6.50632	0.121519	0.0255189	0.00810185	0.000578134	
6.62756	6.50135	0.126212	0.0265045	0.00810185	0.000887073	
6.62592	6.49625	0.129671	0.0272309	0.00810185	0.000653747	
6.63429	6.4942	0.140092	0.0294193	0.00810185	0.00196953	
6.63916	6.49401	0.14515	0.0304815	0.00810185	0.000956017	
6.64426	6.4928	0.15146	0.0318065	0.00810185	0.0011925	
6.64922	6.49228	0.156944	0.0329582	0.00810185	0.0010365	
6.66741	6.49583	0.171579	0.0360317	0.00810185	0.00276612	
6.65801	6.4948	0.163206	0.0342732	0.00810185	-0.00158264	
6.6712	6.4956	0.175601	0.0368763	0.00810185	0.00234282	
6.67939	6.51123	0.168162	0.0353141	0.00810185	-0.001406	
6.70568	6.52634	0.179342	0.0376618	0.00810185	0.00211292	
6.71354	6.53564	0.177901	0.0373593	0.00810185	-0.000272259	
6.74349	6.53817	0.205324	0.0431181	0.00810185	0.00518293	
6.74909	6.53625	0.212843	0.0446971	0.00810185	0.00142114	
6.75405	6.54299	0.211061	0.0443229	0.00810185	-0.000336787	
6.76495	6.55651	0.208444	0.0437733	0.00810185	-0.000494681	
6.77187	6.56778	0.204093	0.0428596	0.00810185	-0.000822275	
6.79591	6.5805	0.215407	0.0452355	0.00810185	0.00213833	
6.80957	6.59159	0.217983	0.0457764	0.00810185	0.00048675	
6.82253	6.60829	0.21424	0.0449904	0.00810185	-0.000707369	
6.84297	6.62948	0.213489	0.0448326	0.00810185	-0.000142033	
6.84807	6.65043	0.197636	0.0415035	0.00810185	-0.0029962	
6.85813	6.6763	0.181829	0.0381841	0.00810185	-0.00298746	
6.87104	6.70376	0.16728	0.0351287	0.00810185	-0.00274981	
6.87862	6.72556	0.153059	0.0321425	0.00810185	-0.00268762	
6.87862	6.74835	0.130274	0.0273576	0.00810185	-0.0043064	
6.89186	6.78553	0.106333	0.0223299	0.00810185	-0.00452495	
6.90593	6.81009	0.0958414	0.0201267	0.00810185	-0.00198287	
6.90767	6.82103	0.086638	0.018194	0.00810185	-0.00173945	
6.90641	6.84377	0.0626445	0.0131553	0.00810185	-0.00453477	
6.91688	6.86023	0.0566487	0.0118962	0.00810185	-0.0011332	
6.9188	6.86613	0.0526743	0.0110616	0.00810185	-0.000751169	
6.92413	6.88002	0.0441108	0.00926326	0.00810185	-0.0016185	
6.93512	6.87436	0.0607615	0.0127599	0.00810185	0.00314698	
6.93569	6.873	0.0626879	0.0131645	0.00810185	0.000364094	
6.93653	6.86781	0.0687156	0.0144303	0.00810185	0.00113923	
6.93456	6.86313	0.0714264	0.0149995	0.00810185	0.000512345	
6.93943	6.85864	0.0807886	0.0169656	0.00810185	0.00176946	
6.93644	6.85139	0.0850492	0.0178603	0.00810185	0.000805242	
6.93746	6.84017	0.0972924	0.0204314	0.00810185	0.00231398	
6.93191	6.83933	0.0925751	0.0194408	0.00810185	-0.000891579	
6.9313	6.83424	0.097064	0.0203834	0.00810185	0.000848411	
6.92541	6.823	0.102413	0.0215068	0.00810185	0.00101099	
6.91642	6.82515	0.0912714	0.019167	0.00810185	-0.0021058	
6.91329	6.82226	0.0910263	0.0191155	0.00810185	-4.63228e-05	
6.91118	6.81958	0.0915956	0.0192351	0.00810185	0.000107606	
6.90762	6.81612	0.0914998	0.019215	0.00810185	-1.81146e-05	
6.90445	6.8114	0.0930548	0.0195415	0.00810185	0.000293889	
6.89607	6.80644	0.0896301	0.0188223	0.00810185	-0.000647258	
6.89826	6.80508	0.0931783	0.0195674	0.00810185	0.000670599	
6.89565	6.80327	0.0923848	0.0194008	0.00810185	-0.000149963	
6.89112	6.7998	0.0913248	0.0191782	0.00810185	-0.000200342	
6.88999	6.79666	0.093329	0.0195991	0.00810185	0.000378784	
6.88156	6.79938	0.0821829	0.0172584	0.00810185	-0.00210661	
6.88198	6.79386	0.088119	0.018505	0.00810185	0.00112193	
6.88245	6.78839	0.0940647	0.0197536	0.00810185	0.00112373	
6.88044	6.78506	0.0953779	0.0200294	0.00810185	0.000248197	
6.87824	6.77585	0.102393	0.0215026	0.00810185	0.00132588	
6.8739	6.76995	0.103946	0.0218286	0.00810185	0.000293438	
6.87553	6.77464	0.100894	0.0211877	0.00810185	-0.000576782	
6.8745	6.77996	0.0945363	0.0198526	0.00810185	-0.0012016	
6.87782	6.78216	0.0956607	0.0200887	0.00810185	0.000212508	
6.88516	6.78043	0.104732	0.0219936	0.00810185	0.0017144	
6.88793	6.76969	0.11824	0.0248305	0.00810185	0.00255316	
6.8847	6.76856	0.116145	0.0243904	0.00810185	-0.000396087	
6.88625	6.77196	0.114288	0.0240005	0.00810185	-0.000350846	
6.88774	6.77501	0.112732	0.0236738	0.00810185	-0.000294069	
6.89302	6.77397	0.119046	0.0249997	0.00810185	0.00119331	
6.9021	6.77445	0.127653	0.0268071	0.00810185	0.00162662	
6.90641	6.77332	0.133091	0.0279492	0.00810185	0.00102793	
6.90813	6.77734	0.130785	0.0274649	0.00810185	-0.000435831	
6.90888	6.78282	0.126064	0.0264735	0.00810185	-0.0008923	
6.9182	6.78136	0.136836	0.0287355	0.00810185	0.00203577	
6.92189	6.78506	0.136827	0.0287338	0.00810185	-1.53208e-06	
6.93559	6.7925	0.143088	0.0300485	0.00810185	0.00118321	
6.93278	6.7947	0.138083	0.0289975	0.00810185	-0.000945833	
6.94715	6.79708	0.150069	0.0315145	0.00810185	0.00226531	
6.94948	6.80438	0.1451	0.030471	0.00810185	-0.000939164	
6.94616	6.80901	0.137149	0.0288013	0.00810185	-0.00150279	
6.95758	6.80859	0.148988	0.0312874	0.00810185	0.00223755	
6.9579	6.81453	0.143371	0.0301078	0.00810185	-0.00106164	
6.96043	6.82491	0.135516	0.0284583	0.00810185	-0.00148458	
6.96249	6.83152	0.130973	0.0275043	0.00810185	-0.000858594	
6.96319	6.84111	0.12208	0.0256368	0.00810185	-0.00168078	
6.96296	6.84878	0.114182	0.0239782	0.00810185	-0.00149269	
6.96436	6.85181	0.112549	0.0236353	0.00810185	-0.000308669	
6.95617	6.86211	0.0940599	0.0197526	0.00810185	-0.0034944	
6.95833	6.8646	0.0937252	0.0196823	0.00810185	-6.32658e-05	
6.96006	6.87193	0.088129	0.0185071	0.00810185	-0.00105767	
6.96829	6.88245	0.0858364	0.0180256	0.00810185	-0.000433308	
6.97405	6.8832	0.0908504	0.0190786	0.00810185	0.000947635	
6.97312	6.88931	0.0838127	0.0176007	0.00810185	-0.00133011	
6.97503	6.88447	0.09056	0.0190176	0.00810185	0.00127523	
6.97667	6.88357	0.0930958	0.0195501	0.00810185	0.00047927	
6.97036	6.8883	0.0820613	0.0172329	0.00810185	-0.00208552	
6.95604	6.89514	0.0609007	0.0127891	0.00810185	-0.00399935	
6.93323	6.90087	0.0323625	0.00679612	0.00810185	-0.00539372	
6.91712	6.90458	0.0125427	0.00263397	0.00810185	-0.00374593	
6.90441	6.88504	0.0193739	0.00406852	0.00810185	0.00129109	
6.88283	6.88039	0.00243521	0.000511394	0.00810185	-0.00320141	
6.84742	6.86926	-0.0218425	-0.00458692	0.00797444	-0.00458848	
6.82378	6.8628	-0.0390248	-0.00819521	0.00774679	-0.00324746	
6.79741	6.84795	-0.0505376	-0.0106129	0.00745199	-0.00217591	
6.75522	6.8369	-0.081677	-0.0171522	0.00697554	-0.00588534	
6.75851	6.81846	-0.0599542	-0.0125904	0.00662581	0.00410561	
6.69061	6.79022	-0.0996056	-0.0209172	0.00604478	-0.00749411	
6.67294	6.76944	-0.096498	-0.0202646	0.00548187	0.000587327	
6.67057	6.74825	-0.0776815	-0.0163131	0.00502873	0.00355631	
6.65333	6.7112	-0.0578656	-0.0121518	0.00469118	0.00374521	
6.63962	6.68079	-0.0411725	-0.00864623	0.00445101	0.003155	
6.62803	6.66337	-0.0353417	-0.00742177	0.00424485	0.00110201	
6.61235	6.6406	-0.0282512	-0.00593275	0.00408005	0.00134012	
6.58765	6.59078	-0.00313425	-0.000658193	0.00406176	0.0047471	
6.57503	6.58081	-0.00577736	-0.00121325	0.00402806	-0.000499547	
6.55835	6.54489	0.0134563	0.00282583	0.00410656	0.00363517	
6.54572	6.51037	0.0353465	0.00742277	0.00431275	0.00413724	
6.53369	6.49213	0.0415583	0.00872724	0.00455517	0.00117402	
6.52916	6.47094	0.0582151	0.0122252	0.00489476	0.00314815	
6.5227	6.42932	0.0933824	0.0196103	0.00543949	0.0066466	
6.51463	6.41483	0.0997987	0.0209577	0.00602165	0.00121268	
6.51481	6.38936	0.125448	0.0263441	0.00675343	0.00484776	
6.50971	6.38127	0.128438	0.026972	0.00750265	0.000565066	
6.49546	6.37029	0.125175	0.0262867	0.00810185	-0.000616706	
6.49874	6.36107	0.137672	0.0289111	0.00810185	0.00236192	
6.49205	6.36382	0.128231	0.0269284	0.00810185	-0.00178442	
6.4862	6.36105	0.125148	0.026281	0.00810185	-0.00058264	
6.48385	6.3589	0.124954	0.0262403	0.00810185	-3.66797e-05	
6.48087	6.36243	0.118435	0.0248713	0.00810185	-0.00123206	
6.4789	6.36342	0.115484	0.0242516	0.00810185	-0.000557766	
6.47558	6.37045	0.105129	0.0220771	0.00810185	-0.001957	
6.47459	6.36966	0.104925	0.0220343	0.00810185	-3.85723e-05	
6.4734	6.37516	0.0982385	0.0206301	0.00810185	-0.00126378	
6.47085	6.37616	0.0946946	0.0198859	0.00810185	-0.000669788	
6.46968	6.37772	0.0919628	0.0193122	0.00810185	-0.00051631	
6.46869	6.38379	0.0849037	0.0178298	0.00810185	-0.00133417	
6.4642	6.38478	0.079422	0.0166786	0.00810185	-0.00103605	
6.46537	6.38399	0.0813794	0.0170897	0.00810185	0.000369952	
6.4691	6.38733	0.0817652	0.0171707	0.00810185	7.29089e-05	
6.47501	6.38853	0.086484	0.0181616	0.00810185	0.00089185	
6.47441	6.38718	0.0872283	0.0183179	0.00810185	0.000140681	
6.48243	6.38637	0.0960593	0.0201725	0.00810185	0.00166906	
6.48244	6.38737	0.0950665	0.019964	0.00810185	-0.000187634	
6.48224	6.38623	0.096014	0.0201629	0.00810185	0.000179073	
6.48889	6.39155	0.0973449	0.0204424	0.00810185	0.000251531	
6.49184	6.39326	0.0985775	0.0207013	0.00810185	0.000232966	
6.49674	6.39446	0.102279	0.0214786	0.00810185	0.000699619	
6.49772	6.39487	0.102849	0.0215983	0.00810185	0.000107696	
6.50166	6.40238	0.0992799	0.0208488	0.00810185	-0.000674565	
6.50715	6.40416	0.102995	0.0216289	0.00810185	0.000702142	
6.5099	6.40514	0.104763	0.0220002	0.00810185	0.000334173	
6.51523	6.40818	0.107054	0.0224813	0.00810185	0.000432947	
6.52038	6.41014	0.11024	0.0231505	0.00810185	0.000602287	
6.52352	6.40846	0.115059	0.0241625	0.00810185	0.000910775	
6.52349	6.41122	0.112272	0.0235771	0.00810185	-0.000526854	
6.5246	6.41881	0.105787	0.0222152	0.00810185	-0.00122566	
6.53938	6.42531	0.114073	0.0239554	0.00810185	0.00156614	
6.54168	6.42637	0.115313	0.0242157	0.00810185	0.000234318	
6.55847	6.42512	0.133352	0.028004	0.00810185	0.00340941	
6.56498	6.42037	0.144615	0.0303691	0.00810185	0.0021286	
6.56086	6.41538	0.145485	0.0305518	0.00810185	0.000164473	
6.5514	6.42258	0.128816	0.0270514	0.00810185	-0.0031504	
6.55707	6.43032	0.126751	0.0266178	0.00810185	-0.000390229	
6.56243	6.43494	0.127493	0.0267735	0.00810185	0.00014014	
6.57262	6.43722	0.135404	0.0284349	0.00810185	0.00149522	
6.58279	6.439	0.143793	0.0301966	0.00810185	0.00158552	
6.58328	6.43868	0.144603	0.0303666	0.00810185	0.000153028	
6.58997	6.44354	0.146434	0.0307511	0.00810185	0.000346069	
6.58876	6.4556	0.133158	0.0279631	0.00810185	-0.00250918	
6.60117	6.45883	0.142337	0.0298908	0.00810185	0.00173494	
6.60988	6.46043	0.149454	0.0313854	0.00810185	0.00134507	
6.61553	6.46739	0.14814	0.0311095	0.00810185	-0.000248287	
6.62069	6.47339	0.147304	0.0309338	0.00810185	-0.000158165	
6.62358	6.4826	0.140979	0.0296056	0.00810185	-0.00119529	
6.62726	6.49285	0.134406	0.0282252	0.00810185	-0.00124242	
6.6444	6.49705	0.147352	0.030944	0.00810185	0.00244691	
6.6467	6.50257	0.14413	0.0302672	0.00810185	-0.000609046	
6.64921	6.5124	0.136814	0.028731	0.00810185	-0.00138266	
6.65767	6.51885	0.138821	0.0291524	0.00810185	0.000379324	
6.66725	6.52719	0.140057	0.029412	0.00810185	0.000233597	
6.67702	6.53444	0.142578	0.0299414	0.00810185	0.000476476	
6.69115	6.54551	0.145638	0.0305841	0.00810185	0.000578404	
6.69729	6.5471	0.150186	0.031539	0.00810185	0.000859405	
6.70184	6.55582	0.14602	0.0306643	0.00810185	-0.000787218	
6.71247	6.56657	0.145898	0.0306387	0.00810185	-2.30713e-05	
6.72599	6.57186	0.154134	0.0323682	0.00810185	0.00155659	
6.73016	6.57597	0.154189	0.0323796	0.00810185	1.02739e-05	
6.73667	6.58697	0.149704	0.0314377	0.00810185	-0.00084769	
6.74288	6.59501	0.147866	0.0310519	0.00810185	-0.000347241	
6.7492	6.60484	0.144359	0.0303154	0.00810185	-0.000662849	
6.76394	6.61283	0.151109	0.0317328	0.00810185	0.00127568	
6.77089	6.62266	0.148232	0.0311288	0.00810185	-0.000543617	
6.77642	6.62524	0.151185	0.0317488	0.00810185	0.000557947	
6.782	6.63254	0.149456	0.0313857	0.00810185	-0.000326783	
6.78606	6.64281	0.143248	0.030082	0.00810185	-0.0011733	
6.78778	6.64773	0.140055	0.0294115	0.00810185	-0.000603458	
6.77899	6.66037	0.118618	0.0249097	0.00810185	-0.00405162	
6.77684	6.66314	0.113704	0.0238778	0.00810185	-0.000928709	
6.78053	6.67327	0.107256	0.0225237	0.00810185	-0.00121863	
6.77125	6.675	0.0962515	0.0202128	0.00810185	-0.00207984	
6.76874	6.67654	0.0922017	0.0193624	0.00810185	-0.000765408	
6.76296	6.67261	0.0903516	0.0189738	0.00810185	-0.000349674	
6.74806	6.67702	0.0710402	0.0149184	0.00810185	-0.00364986	
6.74442	6.68711	0.057312	0.0120355	0.00810185	-0.00259462	
6.74386	6.6801	0.0637627	0.0133902	0.00810185	0.00121917	
6.74057	6.67335	0.0672164	0.0141154	0.00810185	0.000652755	
6.73632	6.67115	0.065165	0.0136847	0.00810185	-0.000387706	
6.72808	6.65315	0.0749345	0.0157362	0.00810185	0.00184642	
6.71621	6.64895	0.0672612	0.0141249	0.00810185	-0.00145025	
6.71228	6.64595	0.0663338	0.0139301	0.00810185	-0.000175288	
6.70175	6.64351	0.0582409	0.0122306	0.00810185	-0.00152955	
6.70161	6.63116	0.0704503	0.0147946	0.00810185	0.00230758	
6.68856	6.62335	0.0652118	0.0136945	0.00810185	-0.000990083	
6.68566	6.61979	0.0658674	0.0138322	0.00810185	0.000123918	
6.67532	6.60941	0.0659122	0.0138416	0.00810185	8.47149e-06	
6.66405	6.59823	0.0658221	0.0138226	0.00810185	-1.70331e-05	
6.65722	6.59823	0.0589919	0.0123883	0.00810185	-0.00129091	
6.64884	6.58705	0.0617919	0.0129763	0.00810185	0.000529198	
6.63963	6.57737	0.0622621	0.013075	0.00810185	8.88605e-05	
6.63603	6.5762	0.0598326	0.0125648	0.00810185	-0.000459173	
6.62779	6.56343	0.0643601	0.0135156	0.00810185	0.00085571	
6.61918	6.56207	0.0571089	0.0119929	0.00810185	-0.00137049	
6.61638	6.55403	0.0623541	0.0130944	0.00810185	0.000991344	
6.60843	6.54613	0.0622993	0.0130828	0.00810185	-1.03641e-05	
6.60412	6.53986	0.0642591	0.0134944	0.00810185	0.000370402	
6.60525	6.53884	0.0664058	0.0139452	0.00810185	0.00040573	
6.59361	6.53438	0.0592256	0.0124374	0.00810185	-0.00135706	
6.5864	6.53064	0.0557551	0.0117086	0.00810185	-0.00065591	
6.58144	6.52431	0.0571322	0.0119978	0.00810185	0.000260273	
6.56982	6.51054	0.0592818	0.0124492	0.00810185	0.000406271	
6.57533	6.50942	0.0659075	0.0138406	0.00810185	0.00125225	
6.56412	6.50531	0.0588145	0.0123511	0.00810185	-0.00134057	
6.56738	6.49363	0.0737543	0.0154884	0.00810185	0.00282362	
6.55874	6.49226	0.0664821	0.0139612	0.00810185	-0.00137445	
6.54933	6.48172	0.0676141	0.014199	0.00810185	0.00021395	
6.5544	6.47779	0.0766101	0.0160881	0.00810185	0.00170025	
6.54538	6.47621	0.06917	0.0145257	0.00810185	-0.00140618	
6.54539	6.46642	0.0789709	0.0165839	0.00810185	0.00185237	
6.54655	6.46326	0.0832896	0.0174908	0.00810185	0.000816237	
6.54361	6.45697	0.0866423	0.0181949	0.00810185	0.000633649	
6.5393	6.45366	0.08564	0.0179844	0.00810185	-0.000189437	
6.53557	6.44777	0.0877991	0.0184378	0.00810185	0.000408073	
6.5346	6.44543	0.0891747	0.0187267	0.00810185	0.000260003	
6.53715	6.44306	0.0940938	0.0197597	0.00810185	0.000929701	
6.53518	6.44207	0.0931053	0.0195521	0.00810185	-0.000186823	
6.53283	6.43446	0.0983686	0.0206574	0.00810185	0.000994769	
6.53676	6.43798	0.0987802	0.0207438	0.00810185	7.77755e-05	
6.53087	6.43114	0.0997348	0.0209443	0.00810185	0.000180425	
6.53832	6.43234	0.105983	0.0222565	0.00810185	0.00118096	
6.53773	6.4289	0.108835	0.0228553	0.00810185	0.000538931	
6.53126	6.42595	0.105311	0.0221153	0.00810185	-0.000666003	
6.53323	6.42576	0.107469	0.0225685	0.00810185	0.000407893	
6.53091	6.42796	0.102954	0.0216203	0.00810185	-0.000853367	
6.52876	6.42641	0.102348	0.021493	0.00810185	-0.000114545	
6.53053	6.43132	0.099206	0.0208333	0.00810185	-0.000593815	
6.53371	6.42577	0.107936	0.0226666	0.00810185	0.00165005	
6.53295	6.42694	0.106009	0.0222618	0.00810185	-0.000364364	
6.52827	6.42885	0.0994186	0.0208779	0.00810185	-0.00124549	
6.52891	6.42296	0.105955	0.0222505	0.00810185	0.00123531	
6.52842	6.42092	0.1075	0.022575	0.00810185	0.000292086	
6.5294	6.42425	0.105145	0.0220804	0.00810185	-0.000445114	
6.53631	6.42719	0.109125	0.0229162	0.00810185	0.00075216	
6.54023	6.42215	0.11808	0.0247967	0.00810185	0.0016925	
6.54515	6.42713	0.118017	0.0247835	0.00810185	-1.18961e-05	
6.53782	6.42612	0.111704	0.0234578	0.00810185	-0.00119313	
6.53758	6.42674	0.110842	0.0232768	0.00810185	-0.000162941	
6.54186	6.42254	0.119315	0.0250562	0.00810185	0.00160147	
6.54627	6.41484	0.131432	0.0276006	0.00810185	0.00229001	
6.5356	6.41707	0.118532	0.0248917	0.00810185	-0.00243808	
6.54164	6.42315	0.118489	0.0248827	0.00810185	-8.02088e-06	
6.52922	6.43111	0.0981088	0.0206028	0.00810185	-0.00385191	
6.53969	6.43388	0.105808	0.0222197	0.00810185	0.0014552	
6.53751	6.43605	0.101455	0.0213056	0.00810185	-0.000822726	
6.54879	6.42315	0.125639	0.0263843	0.00810185	0.00457082	
6.55659	6.41985	0.136742	0.0287158	0.00810185	0.00209841	
6.54622	6.41977	0.12645	0.0265544	0.00810185	-0.00194529	
6.54183	6.42208	0.119753	0.0251481	0.00810185	-0.00126568	
6.54529	6.42637	0.11892	0.0249732	0.00810185	-0.000157444	
6.53578	6.42318	0.112601	0.0236462	0.00810185	-0.0011943	
6.556	6.42596	0.130044	0.0273091	0.00810185	0.00329667	
6.55119	6.43085	0.120339	0.0252713	0.00810185	-0.00183408	
6.55327	6.43505	0.118223	0.0248268	0.00810185	-0.000400053	
6.54997	6.44089	0.109077	0.0229062	0.00810185	-0.00172854	
6.56051	6.44196	0.118553	0.0248962	0.00810185	0.001791	
6.5655	6.44744	0.118059	0.0247924	0.00810185	-9.33666e-05	
6.56395	6.45044	0.113514	0.0238379	0.00810185	-0.000859045	
6.56875	6.46134	0.107411	0.0225564	0.00810185	-0.00115338	
6.57071	6.46547	0.105237	0.0220997	0.00810185	-0.000411047	
6.57754	6.46612	0.111423	0.0233988	0.00810185	0.00116925	
6.57912	6.46325	0.115867	0.024332	0.00810185	0.000839849	
6.57877	6.4736	0.105166	0.022085	0.00810185	-0.00202234	
6.58076	6.4781	0.102664	0.0215594	0.00810185	-0.000472961	
6.58665	6.48499	0.101663	0.0213493	0.00810185	-0.000189167	
6.59694	6.50159	0.0953474	0.020023	0.00810185	-0.00119367	
6.62064	6.50284	0.117796	0.0247372	0.00810185	0.00424286	
6.61815	6.50099	0.117165	0.0246047	0.00810185	-0.000119322	
6.62341	6.49185	0.13156	0.0276276	0.00810185	0.00272061	
6.61903	6.49318	0.125846	0.0264276	0.00810185	-0.00107993	
6.61367	6.4888	0.124866	0.0262219	0.00810185	-0.000185201	
6.60214	6.49431	0.107834	0.0226452	0.00810185	-0.00321899	
6.60591	6.49969	0.106221	0.0223064	0.00810185	-0.000304974	
6.61036	6.49905	0.111307	0.0233744	0.00810185	0.000961244	
6.61216	6.50213	0.110031	0.0231065	0.00810185	-0.000241077	
6.61698	6.50089	0.116095	0.02438	0.00810185	0.00114608	
6.61476	6.49205	0.122706	0.0257682	0.00810185	0.00124945	
6.60966	6.47895	0.130711	0.0274493	0.00810185	0.00151297	
6.60509	6.47704	0.128047	0.0268899	0.00810185	-0.000503513	
6.59539	6.46974	0.125651	0.0263868	0.00810185	-0.000452774	
6.59304	6.47361	0.119433	0.0250809	0.00810185	-0.00117528	
6.58623	6.47721	0.109024	0.0228949	0.00810185	-0.00196737	
6.58702	6.47951	0.107512	0.0225774	0.00810185	-0.000285778	
6.58907	6.47459	0.114482	0.0240412	0.00810185	0.00131741	
6.5897	6.47226	0.117438	0.0246619	0.00810185	0.000558668	
6.58238	6.46306	0.119319	0.025057	0.00810185	0.000355532	
6.58291	6.45926	0.123652	0.025967	0.00810185	0.000819031	
6.57128	6.46104	0.110242	0.0231509	0.00810185	-0.00253451	
6.5747	6.46773	0.106969	0.0224635	0.00810185	-0.000618689	
6.57255	6.46705	0.105495	0.022154	0.00810185	-0.000278478	
6.5719	6.4649	0.106995	0.022469	0.00810185	0.000283434	
6.57816	6.46282	0.115342	0.0242218	0.00810185	0.00157759	
6.57503	6.45921	0.115825	0.0243232	0.00810185	9.12037e-05	
6.57131	6.46529	0.106024	0.022265	0.00810185	-0.00185237	
6.56731	6.46258	0.104733	0.0219939	0.00810185	-0.000243961	
6.56731	6.46508	0.102226	0.0214675	0.00810185	-0.000473773	
6.57082	6.4655	0.105324	0.0221181	0.00810185	0.000585524	
6.57363	6.45352	0.120106	0.0252222	0.00810185	0.0027937	
6.57451	6.45216	0.122347	0.0256929	0.00810185	0.000423665	
6.56466	6.45352	0.111136	0.0233386	0.00810185	-0.00211895	
6.56371	6.46791	0.0957966	0.0201173	0.00810185	-0.00289914	
6.58108	6.47341	0.107673	0.0226113	0.00810185	0.00224458	
6.56933	6.46693	0.1024	0.021504	0.00810185	-0.000996571	
6.55565	6.45771	0.0979371	0.0205668	0.00810185	-0.000843454	
6.56795	6.45754	0.110414	0.0231869	0.00810185	0.00235814	
6.56111	6.45719	0.10392	0.0218232	0.00810185	-0.00122737	
6.56317	6.46189	0.101282	0.0212692	0.00810185	-0.000498556	
6.57292	6.46543	0.107491	0.0225732	0.00810185	0.00117357	
6.59079	6.46603	0.124759	0.0261993	0.00810185	0.00326351	
6.59718	6.46643	0.130746	0.0274567	0.00810185	0.00113166	
6.5995	6.46543	0.134072	0.0281551	0.00810185	0.000628512	
6.60964	6.46494	0.144697	0.0303863	0.00810185	0.0020081	
6.61284	6.47398	0.138855	0.0291596	0.00810185	-0.001104	
6.61498	6.48283	0.13215	0.0277515	0.00810185	-0.0012673	
6.62857	6.49107	0.137498	0.0288747	0.00810185	0.00101081	
6.64003	6.49278	0.147249	0.0309222	0.00810185	0.00184282	
6.6497	6.49743	0.15227	0.0319768	0.00810185	0.000949077	
6.6479	6.49633	0.151573	0.0318304	0.00810185	-0.000131759	
6.64753	6.505	0.142531	0.0299315	0.00810185	-0.00170899	
6.65564	6.51489	0.140755	0.0295585	0.00810185	-0.000335705	
6.66443	6.52191	0.142515	0.0299282	0.00810185	0.000332731	
6.67312	6.52972	0.143404	0.0301148	0.00810185	0.000167988	
6.68211	6.53709	0.145019	0.0304539	0.00810185	0.000305154	
6.69014	6.54527	0.144867	0.0304222	0.00810185	-2.85687e-05	
6.69339	6.54735	0.146037	0.0306678	0.00810185	0.00022107	
6.70272	6.55214	0.150581	0.031622	0.00810185	0.000858775	
6.70635	6.55924	0.147112	0.0308935	0.00810185	-0.000655639	
6.70676	6.56342	0.143335	0.0301004	0.00810185	-0.000713768	
6.705	6.56479	0.140206	0.0294433	0.00810185	-0.000591382	
6.7071	6.57309	0.134015	0.0281431	0.00810185	-0.00117024	
6.70779	6.57727	0.130524	0.0274101	0.00810185	-0.000659695	
6.70779	6.58099	0.126797	0.0266273	0.00810185	-0.000704485	
6.71348	6.58308	0.130403	0.0273846	0.00810185	0.000681594	
6.71475	6.58684	0.127906	0.0268603	0.00810185	-0.00047188	
6.71515	6.58123	0.133922	0.0281236	0.00810185	0.00113698	
6.71089	6.5783	0.132595	0.0278449	0.00810185	-0.0002509	
6.69908	6.572	0.127082	0.0266873	0.00810185	-0.00104181	
6.70175	6.57234	0.129415	0.0271771	0.00810185	0.000440788	
6.69981	6.57876	0.121051	0.0254208	0.00810185	-0.00158065	
6.69464	6.57467	0.119969	0.0251936	0.00810185	-0.000204487	
6.69486	6.57475	0.120111	0.0252233	0.00810185	2.67663e-05	
6.69465	6.56848	0.126173	0.0264962	0.00810185	0.00114563	
6.68717	6.56757	0.119603	0.0251167	0.00810185	-0.00124161	
6.68705	6.56441	0.122639	0.0257542	0.00810185	0.000573808	
6.70149	6.56036	0.141132	0.0296377	0.00810185	0.00349512	
6.70033	6.56232	0.138006	0.0289813	0.00810185	-0.000590751	
6.70344	6.56022	0.14322	0.0300763	0.00810185	0.000985486	
6.68959	6.56253	0.127065	0.0266836	0.00810185	-0.00305343	
6.68398	6.56811	0.115871	0.024333	0.00810185	-0.00211553	
6.67824	6.56944	0.108805	0.022849	0.00810185	-0.00133561	
6.69042	6.56625	0.124166	0.026075	0.00810185	0.00290338	
6.6896	6.56313	0.126469	0.0265584	0.00810185	0.00043511	
6.69306	6.56276	0.1303	0.0273629	0.00810185	0.000724042	
6.68916	6.56562	0.123545	0.0259444	0.00810185	-0.00127667	
6.68577	6.56841	0.117361	0.0246457	0.00810185	-0.0011688	
6.69501	6.56935	0.125661	0.0263889	0.00810185	0.00156885	
6.69033	6.56986	0.120473	0.0252994	0.00810185	-0.00098053	
6.69635	6.5657	0.130651	0.0274367	0.00810185	0.00192357	
6.69671	6.57446	0.122245	0.0256715	0.00810185	-0.00158867	
6.70009	6.57954	0.120553	0.0253162	0.00810185	-0.000319754	
6.70404	6.57595	0.128089	0.0268987	0.00810185	0.0014242	
6.71358	6.57112	0.142461	0.0299169	0.00810185	0.00271637	
6.71615	6.57162	0.144534	0.0303522	0.00810185	0.000391761	
6.71857	6.57087	0.147697	0.0310165	0.00810185	0.000597871	
6.71935	6.57604	0.14331	0.030095	0.00810185	-0.000829305	
6.72686	6.58008	0.146783	0.0308244	0.00810185	0.00065645	
6.73755	6.58007	0.157481	0.0330709	0.00810185	0.00202189	
6.73882	6.58454	0.154282	0.0323991	0.00810185	-0.00060463	
6.74746	6.58337	0.164094	0.0344597	0.00810185	0.00185454	
6.75449	6.58603	0.168462	0.0353771	0.00810185	0.00082561	
6.75466	6.58815	0.166506	0.0349662	0.00810185	-0.000369771	
6.76785	6.59309	0.174763	0.0367002	0.00810185	0.00156056	
6.77389	6.59961	0.174284	0.0365996	0.00810185	-9.04827e-05	
6.78205	6.608	0.174047	0.0365498	0.00810185	-4.48809e-05	
6.79634	6.61151	0.184834	0.038815	0.00810185	0.00203874	
6.79898	6.62008	0.178905	0.03757	0.00810185	-0.00112058	
6.80846	6.62787	0.180588	0.0379235	0.00810185	0.000318222	
6.81747	6.6368	0.180668	0.0379403	0.00810185	1.50504e-05	
6.81661	6.64726	0.169353	0.0355641	0.00810185	-0.00213851	
6.82152	6.66163	0.159887	0.0335763	0.00810185	-0.00178902	
6.83053	6.66715	0.163379	0.0343096	0.00810185	0.000659965	
6.83667	6.68247	0.154202	0.0323825	0.00810185	-0.0017344	
6.8448	6.6842	0.160602	0.0337263	0.00810185	0.00120944	
6.84659	6.69278	0.153813	0.0323007	0.00810185	-0.00128307	
6.8482	6.71073	0.137473	0.0288693	0.00810185	-0.00308831	
6.85392	6.71291	0.141005	0.0296111	0.00810185	0.000667625	
6.85277	6.72051	0.132265	0.0277756	0.00810185	-0.00165194	
6.86349	6.72196	0.141534	0.0297221	0.00810185	0.00175189	
6.86335	6.72923	0.134119	0.0281649	0.00810185	-0.00140149	
6.86062	6.73967	0.120955	0.0254005	0.00810185	-0.00248791	
6.86596	6.74354	0.122416	0.0257075	0.00810185	0.000276225	
6.88273	6.74371	0.13902	0.0291942	0.00810185	0.00313806	
6.88205	6.74145	0.140602	0.0295263	0.00810185	0.000298935	
6.88274	6.74364	0.139098	0.0292106	0.00810185	-0.000284155	
6.88115	6.75191	0.129241	0.0271406	0.00810185	-0.00186301	
6.88249	6.75089	0.131602	0.0276364	0.00810185	0.000446195	
6.88724	6.75151	0.135727	0.0285028	0.00810185	0.000779737	
6.89013	6.75216	0.137973	0.0289743	0.00810185	0.000424386	
6.88963	6.75104	0.138593	0.0291045	0.00810185	0.000117159	
6.88912	6.75327	0.135845	0.0285275	0.00810185	-0.000519284	
6.89071	6.75161	0.1391	0.029211	0.00810185	0.000615174	
6.89026	6.75163	0.138633	0.029113	0.00810185	-8.82297e-05	
6.88974	6.75466	0.135077	0.0283662	0.00810185	-0.000672132	
6.89303	6.7615	0.131526	0.0276205	0.00810185	-0.00067114	
6.8972	6.76502	0.132176	0.0277569	0.00810185	0.000122837	
6.90362	6.7656	0.138024	0.0289851	0.00810185	0.00110535	
6.9043	6.76196	0.142342	0.0298917	0.00810185	0.000815967	
6.90474	6.75938	0.145361	0.0305259	0.00810185	0.000570744	
6.90271	6.76426	0.138448	0.0290741	0.00810185	-0.00130659	
6.90774	6.77299	0.13475	0.0282975	0.00810185	-0.000698988	
6.90892	6.7738	0.135121	0.0283754	0.00810185	7.01151e-05	
6.91535	6.78029	0.135055	0.0283616	0.00810185	-1.24369e-05	
6.91531	6.78915	0.126155	0.0264926	0.00810185	-0.00168204	
6.92153	6.78916	0.132373	0.0277983	0.00810185	0.0011751	
6.91979	6.78784	0.131951	0.0277097	0.00810185	-7.97582e-05	
6.91267	6.78844	0.124227	0.0260877	0.00810185	-0.0014598	
6.90879	6.7881	0.120689	0.0253448	0.00810185	-0.000668617	
6.89965	6.7905	0.10915	0.0229215	0.00810185	-0.00218096	
6.89404	6.79438	0.0996599	0.0209286	0.00810185	-0.00179361	
6.89414	6.80247	0.0916705	0.0192508	0.00810185	-0.00151	
6.89953	6.80311	0.0964184	0.0202479	0.00810185	0.000897347	
6.90185	6.79847	0.103376	0.0217089	0.00810185	0.00131497	
6.90046	6.78532	0.115139	0.0241791	0.00810185	0.00222313	
6.88565	6.78485	0.100805	0.021169	0.00810185	-0.00270907	
6.88021	6.78917	0.0910397	0.0191183	0.00810185	-0.00184561	
6.87458	6.79388	0.0806966	0.0169463	0.00810185	-0.00195484	
6.88303	6.79567	0.0873623	0.0183461	0.00810185	0.00125982	
6.88438	6.79327	0.0911093	0.0191329	0.00810185	0.00070818	
6.88063	6.79089	0.0897408	0.0188456	0.00810185	-0.000258651	
6.87301	6.78227	0.0907354	0.0190544	0.00810185	0.000187995	
6.8638	6.77892	0.0848765	0.0178241	0.00810185	-0.00110733	
6.86062	6.77577	0.0848479	0.0178181	0.00810185	-5.40733e-06	
6.84754	6.78017	0.0673723	0.0141482	0.00810185	-0.00330289	
6.84709	6.7823	0.0647879	0.0136055	0.00810185	-0.000488462	
6.8432	6.78355	0.0596528	0.0125271	0.00810185	-0.000970526	
6.84754	6.77045	0.0770936	0.0161897	0.00810185	0.00329631	
6.83631	6.75739	0.0789165	0.0165725	0.00810185	0.000344537	
6.84544	6.75259	0.0928507	0.0194986	0.00810185	0.00263355	
6.83731	6.74916	0.0881457	0.0185106	0.00810185	-0.000889236	
6.81467	6.7466	0.0680728	0.0142953	0.00810185	-0.00379379	
6.82604	6.74876	0.0772767	0.0162281	0.00810185	0.00173954	
6.83485	6.73998	0.0948701	0.0199227	0.00810185	0.00332515	
6.83261	6.73305	0.0995622	0.0209081	0.00810185	0.000886803	
6.82225	6.73176	0.0904922	0.0190034	0.00810185	-0.00171421	
6.82225	6.7274	0.0948539	0.0199193	0.00810185	0.000824348	
6.81506	6.71923	0.0958333	0.020125	0.00810185	0.000185111	
6.80606	6.72046	0.0856023	0.0179765	0.00810185	-0.00193366	
6.79724	6.72091	0.0763254	0.0160283	0.00810185	-0.00175333	
6.80478	6.71555	0.0892315	0.0187386	0.00810185	0.00243925	
6.80929	6.70963	0.0996585	0.0209283	0.00810185	0.0019707	
6.80245	6.70363	0.0988169	0.0207515	0.00810185	-0.000159066	
6.79408	6.69907	0.0950065	0.0199514	0.00810185	-0.000720167	
6.782	6.69816	0.0838447	0.0176074	0.00810185	-0.00210958	
6.7837	6.6969	0.0868011	0.0182282	0.00810185	0.000558758	
6.78497	6.68868	0.0962853	0.0202199	0.00810185	0.00179253	
6.77595	6.67294	0.103005	0.0216311	0.00810185	0.00127009	
6.75631	6.67085	0.0854602	0.0179466	0.00810185	-0.00331605	
6.73926	6.66736	0.0719042	0.0150999	0.00810185	-0.00256208	
6.72361	6.66318	0.0604286	0.01269	0.00810185	-0.00216888	
6.71862	6.65724	0.061377	0.0128892	0.00810185	0.000179253	
6.70757	6.64483	0.0627375	0.0131749	0.00810185	0.000257119	
6.67421	6.63418	0.0400324	0.0084068	0.00810185	-0.00429126	
6.65642	6.63194	0.024477	0.00514017	0.00810185	-0.00293997	
6.63647	6.626	0.0104709	0.00219888	0.00810185	-0.00264716	
6.60868	6.61541	-0.00673389	-0.00141412	0.00806257	-0.0032517	
6.57916	6.59657	-0.0174136	-0.00365686	0.00796099	-0.00201847	
6.55937	6.59223	-0.0328608	-0.00690076	0.0077693	-0.00291951	
6.54	6.58055	-0.0405488	-0.00851525	0.00753277	-0.00145304	
6.50888	6.54445	-0.0355706	-0.00746983	0.00732527	0.000940876	
6.46489	6.53341	-0.0685244	-0.0143901	0.00692555	-0.00622826	
6.45384	6.5076	-0.053761	-0.0112898	0.00661194	0.00279027	
6.4364	6.47603	-0.0396252	-0.00832129	0.0063808	0.00267167	
6.40611	6.45573	-0.0496192	-0.01042	0.00609135	-0.00188887	
6.39201	6.42014	-0.0281334	-0.00590801	0.00592724	0.00406082	
6.38081	6.38758	-0.00676918	-0.00142153	0.00588775	0.00403784	
6.35402	6.37589	-0.0218668	-0.00459203	0.0057602	-0.00285345	
6.34648	6.34518	0.00130463	0.000273972	0.00576781	0.0043794	
6.33897	6.30532	0.0336509	0.00706668	0.0059641	0.00611344	
6.32856	6.28774	0.0408177	0.00857172	0.00620221	0.00135454	
6.31927	6.26606	0.0532107	0.0111743	0.0065126	0.00234228	
6.32036	6.22702	0.0933366	0.0196007	0.00705707	0.00758378	
6.30414	6.20932	0.0948191	0.019912	0.00761018	0.00028019	
6.29118	6.19854	0.0926428	0.019455	0.00810185	-0.000411318	
6.28673	6.18839	0.0983443	0.0206523	0.00810185	0.00107759	
6.28524	6.18341	0.101825	0.0213833	0.00810185	0.000657892	
6.28093	6.1805	0.100426	0.0210894	0.00810185	-0.000264509	
6.28874	6.17132	0.117415	0.0246572	0.00810185	0.00321105	
6.28043	6.16662	0.113809	0.0238998	0.00810185	-0.000681684	
6.2742	6.16408	0.110123	0.0231258	0.00810185	-0.000696645	
6.27278	6.16056	0.112217	0.0235657	0.00810185	0.000395907	
6.27176	6.16134	0.110424	0.023189	0.00810185	-0.00033895	
6.26433	6.16656	0.0977745	0.0205326	0.00810185	-0.00239076	
6.26409	6.1686	0.0954895	0.0200528	0.00810185	-0.000431866	
6.26947	6.16858	0.100893	0.0211874	0.00810185	0.00102117	
6.27306	6.17112	0.101937	0.0214067	0.00810185	0.000197368	
6.27477	6.17062	0.104152	0.021872	0.00810185	0.000418708	
6.27336	6.17318	0.100176	0.0210369	0.00810185	-0.000751529	
6.27734	6.17581	0.101527	0.0213207	0.00810185	0.000255406	
6.28298	6.17756	0.105423	0.0221388	0.00810185	0.000736299	
6.28174	6.17362	0.108117	0.0227046	0.00810185	0.000509191	
6.28602	6.17148	0.114536	0.0240526	0.00810185	0.00121323	
6.28144	6.17233	0.109107	0.0229124	0.00810185	-0.00102622	
6.2812	6.17374	0.107457	0.0225659	0.00810185	-0.000311823	
6.26619	6.17644	0.089746	0.0188467	0.00810185	-0.00334732	
6.2495	6.17885	0.070653	0.0148371	0.00810185	-0.00360858	
6.2404	6.1827	0.057703	0.0121176	0.00810185	-0.00244754	
6.22018	6.18084	0.0393434	0.0082621	0.00810185	-0.00346998	
6.20085	6.17902	0.021832	0.00458472	0.00810185	-0.00330965	
6.19077	6.17622	0.0145545	0.00305644	0.00810185	-0.00137545	
6.16441	6.17207	-0.0076642	-0.00160948	0.00805714	-0.00419933	
6.13502	6.16078	-0.0257626	-0.00541014	0.00790686	-0.00342059	
6.13199	6.14775	-0.0157552	-0.00330859	0.00781496	0.0018914	
6.10659	6.13773	-0.0311356	-0.00653847	0.00763333	-0.00290689	
6.08935	6.1266	-0.0372486	-0.00782221	0.00741605	-0.00115537	
6.06628	6.10153	-0.0352488	-0.00740224	0.00721043	0.000377973	
5.99493	6.08425	-0.0893164	-0.0187564	0.00668942	-0.0102188	
5.96848	6.06541	-0.0969257	-0.0203544	0.00612402	-0.00143817	
5.93826	6.0409	-0.102639	-0.0215541	0.00552529	-0.00107975	
5.86333	6.03085	-0.167524	-0.03518	0.00454807	-0.0122633	
5.83952	5.98951	-0.149987	-0.0314972	0.00367315	0.00331452	
5.78205	5.97515	-0.193099	-0.0405508	0.00254674	-0.00814822	
5.71338	5.94444	-0.231058	-0.0485221	0.0011989	-0.00717418	
5.64981	5.91118	-0.261374	-0.0548886	-0.000325784	-0.00572988	
5.60195	5.89407	-0.29212	-0.0613452	-0.00202982	-0.0058109	
5.52097	5.867	-0.346027	-0.0726657	-0.00404831	-0.0101885	
5.48026	5.83296	-0.352696	-0.0740662	-0.00610571	-0.00126045	
5.45028	5.81116	-0.360876	-0.0757839	-0.00810185	-0.00154587	
5.37878	5.77999	-0.401206	-0.0842534	-0.00810185	-0.00762254	
5.33742	5.75158	-0.414159	-0.0869733	-0.00810185	-0.00244799	
5.25463	5.7338	-0.479171	-0.100626	-0.00810185	-0.0122873	
5.21219	5.70848	-0.496293	-0.104221	-0.00810185	-0.00323602	
5.15663	5.66303	-0.506404	-0.106345	-0.00810185	-0.00191113	
5.09197	5.64439	-0.552423	-0.116009	-0.00810185	-0.00869752	
5.12113	5.6113	-0.490165	-0.102935	-0.00810185	0.0117667	
5.10401	5.57371	-0.469703	-0.0986377	-0.00810185	0.00386732	
5.09969	5.54738	-0.447687	-0.0940143	-0.00810185	0.00416103	
5.07774	5.5233	-0.445559	-0.0935674	-0.00810185	0.000402215	
5.06748	5.48325	-0.415766	-0.0873108	-0.00810185	0.00563093	
5.05064	5.47001	-0.419374	-0.0880686	-0.00810185	-0.000682045	
5.05365	5.43069	-0.377035	-0.0791774	-0.00810185	0.00800213	
5.03788	5.40713	-0.369246	-0.0775418	-0.00810185	0.00147206	
5.0205	5.38386	-0.363361	-0.0763058	-0.00810185	0.00111238	
5.00987	5.33862	-0.328748	-0.069037	-0.00810185	0.00654188	
4.98561	5.33018	-0.344565	-0.0723587	-0.00810185	-0.00298953	
4.98366	5.29945	-0.315792	-0.0663163	-0.00810185	0.00543816	
4.96849	5.27119	-0.302702	-0.0635675	-0.00810185	0.00247395	
4.93794	5.23498	-0.297041	-0.0623786	-0.00810185	0.00107002	
4.93687	5.2044	-0.267528	-0.0561809	-0.00810185	0.00557793	
4.91398	5.18068	-0.266702	-0.0560074	-0.00810185	0.000156182	
4.90035	5.16033	-0.259976	-0.054595	-0.00810185	0.00127108	
4.87284	5.1343	-0.26146	-0.0549067	-0.00810185	-0.00028046	
4.85577	5.09786	-0.242086	-0.050838	-0.00810185	0.00366176	
4.84348	5.07633	-0.232851	-0.0488987	-0.00810185	0.0017454	
4.83563	5.04831	-0.212675	-0.0446618	-0.00810185	0.00381325	
4.81566	5.01582	-0.200161	-0.0420337	-0.00810185	0.00236526	
4.79666	4.988	-0.191342	-0.0401818	-0.00810185	0.00166672	
4.77623	4.9672	-0.190973	-0.0401044	-0.00810185	6.96645e-05	
4.76825	4.93747	-0.169223	-0.0355368	-0.00810185	0.00411084	
4.75733	4.91101	-0.153682	-0.0322732	-0.00810185	0.00293726	
4.73986	4.89076	-0.150897	-0.0316884	-0.00810185	0.000526314	
4.7221	4.87279	-0.150692	-0.0316452	-0.00810185	3.88427e-05	
4.71374	4.8315	-0.117755	-0.0247286	-0.00810185	0.00622492	
4.69731	4.82059	-0.123281	-0.025889	-0.00810185	-0.00104434	
4.67537	4.77588	-0.100511	-0.0211073	-0.00810185	0.00430352	
4.65808	4.75684	-0.0987611	-0.0207398	-0.00810185	0.000330749	
4.64541	4.7392	-0.0937905	-0.019696	-0.00810185	0.000939434	
4.63452	4.7037	-0.0691776	-0.0145273	-0.00810185	0.00465184	
4.61985	4.68892	-0.0690742	-0.0145056	-0.00810185	1.95565e-05	
4.61128	4.65803	-0.0467534	-0.00981821	-0.00810185	0.00421862	
4.5986	4.61972	-0.0211215	-0.00443552	-0.00810185	0.00484443	
4.5699	4.58899	-0.0190935	-0.00400964	-0.00810185	0.00038329	
4.56521	4.55539	0.00981522	0.0020612	-0.0080446	0.00546375	
4.55817	4.51931	0.0388579	0.00816017	-0.00781792	0.00548907	
4.52493	4.49761	0.0273213	0.00573748	-0.00765855	-0.00218042	
4.51559	4.47747	0.0381179	0.00800476	-0.0074362	0.00204055	
4.50423	4.43046	0.073772	0.0154921	-0.00700586	0.00673862	
4.48422	4.39498	0.0892358	0.0187395	-0.00648532	0.00292266	
4.47958	4.35466	0.124919	0.026233	-0.00575662	0.00674412	
4.47958	4.35466	0.124919	0.026233	-0.00502793	0	
4.47958	4.35466	0.124919	0.026233	-0.00429924	0	
