5.21434	0.436973	4.77737	1.00325	0.00810185	0.902922	
5.21434	0.483662	4.73068	0.993442	0.00810185	-0.00882432	
5.21296	0.509145	4.70381	0.987801	0.00810185	-0.00507722	
5.22355	0.546795	4.67675	0.982118	0.00810185	-0.00511435	
5.22355	0.573266	4.65028	0.97656	0.00810185	-0.00500295	
5.22355	0.611734	4.61182	0.968481	0.00810185	-0.00727034	
5.22355	0.644457	4.57909	0.961609	0.00810185	-0.00618482	
5.22434	0.668959	4.55538	0.95663	0.00810185	-0.00448151	
5.22434	0.70777	4.51657	0.94848	0.00810185	-0.00733523	
5.22434	0.74195	4.48239	0.941302	0.00810185	-0.00646005	
5.23493	0.798196	4.43673	0.931714	0.00810185	-0.00862893	
5.23493	0.889261	4.34567	0.912591	0.00810185	-0.0172113	
5.23591	1.04167	4.19424	0.88079	0.00810185	-0.0286201	
5.23885	1.16124	4.07761	0.856299	0.00810185	-0.0220427	
5.23885	1.4013	3.83755	0.805885	0.00810185	-0.0453717	
5.24964	1.61604	3.6336	0.763055	0.00810185	-0.0385471	
5.24748	1.81645	3.43103	0.720516	0.00810185	-0.0382856	
5.26239	2.14512	3.11727	0.654627	0.00810185	-0.0593002	
5.26691	2.43441	2.8325	0.594824	0.00810185	-0.0538222	
5.26691	2.73274	2.53417	0.532175	0.00810185	-0.0563846	
5.28399	2.96305	2.32094	0.487397	0.00810185	-0.0402996	
5.28869	3.32925	1.95944	0.411483	0.00810185	-0.0683226	
5.29123	3.63233	1.6589	0.34837	0.00810185	-0.0568021	
5.30162	3.87156	1.43006	0.300313	0.00810185	-0.0432511	
5.31124	4.21628	1.09496	0.229941	0.00810185	-0.0633347	
5.31439	4.44078	0.873614	0.183459	0.00810185	-0.0418342	
5.32873	4.76269	0.566036	0.118868	0.00810185	-0.0581323	
5.3317	5.02291	0.308785	0.0648449	0.00810185	-0.0486203	
5.33898	5.21311	0.125872	0.026433	0.00810185	-0.0345707	
5.34786	5.40996	-0.0620956	-0.0130401	0.00773963	-0.0355258	
5.35945	5.56279	-0.203342	-0.0427019	0.00655346	-0.0266956	
5.36629	5.63271	-0.26642	-0.0559483	0.00499934	-0.0119217	
5.37237	5.672	-0.299634	-0.0629232	0.00325148	-0.00627746	
5.37947	5.71332	-0.333855	-0.0701095	0.00130399	-0.00646762	
5.38946	5.72651	-0.337048	-0.07078	-0.00066212	-0.000603458	
5.38946	5.74076	-0.351298	-0.0737725	-0.00271136	-0.0026933	
5.39511	5.75008	-0.354967	-0.074543	-0.004782	-0.0006934	
5.39886	5.7515	-0.352639	-0.0740542	-0.00683906	0.000439887	
5.4031	5.76057	-0.357469	-0.0750684	-0.00810185	-0.000912758	
5.41163	5.74834	-0.336713	-0.0707098	-0.00810185	0.00392275	
5.41508	5.7333	-0.318223	-0.0668268	-0.00810185	0.00349467	
5.41323	5.72596	-0.312725	-0.0656723	-0.00810185	0.00103911	
5.41487	5.71366	-0.298787	-0.0627452	-0.00810185	0.00263436	
5.4157	5.69304	-0.277342	-0.0582418	-0.00810185	0.00405307	
5.41022	5.68029	-0.270074	-0.0567156	-0.00810185	0.00137355	
5.40697	5.65909	-0.25212	-0.0529453	-0.00810185	0.00339328	
5.39939	5.64696	-0.24757	-0.0519896	-0.00810185	0.000860126	
5.39064	5.63386	-0.243221	-0.0510764	-0.00810185	0.000821915	
5.39064	5.59949	-0.208849	-0.0438584	-0.00810185	0.00649619	
5.36594	5.58073	-0.214786	-0.045105	-0.00810185	-0.00112193	
5.35342	5.57061	-0.217195	-0.045611	-0.00810185	-0.000455388	
5.34063	5.5372	-0.196569	-0.0412796	-0.00810185	0.00389824	
5.32856	5.50423	-0.175667	-0.03689	-0.00810185	0.0039506	
5.301	5.48487	-0.18387	-0.0386127	-0.00810185	-0.00155037	
5.28741	5.45355	-0.166144	-0.0348902	-0.00810185	0.0033502	
5.27417	5.43445	-0.160284	-0.0336595	-0.00810185	0.0011076	
5.25753	5.41248	-0.154951	-0.0325396	-0.00810185	0.00100793	
5.24779	5.39203	-0.14424	-0.0302904	-0.00810185	0.00202433	
5.22914	5.35343	-0.124293	-0.0261016	-0.00810185	0.0037699	
5.22017	5.32788	-0.107708	-0.0226188	-0.00810185	0.00313454	
5.20987	5.30168	-0.091814	-0.0192809	-0.00810185	0.00300404	
5.1944	5.2862	-0.0917988	-0.0192777	-0.00810185	2.88391e-06	
5.18361	5.24796	-0.0643535	-0.0135142	-0.00810185	0.00518716	
5.1762	5.23135	-0.0551538	-0.0115823	-0.00810185	0.00173873	
5.15756	5.208	-0.0504441	-0.0105933	-0.00810185	0.000890137	
5.14933	5.18903	-0.0396962	-0.00833621	-0.00810185	0.00203135	
5.14069	5.16019	-0.0194964	-0.00409425	-0.00810185	0.00381776	
5.12992	5.14323	-0.013308	-0.00279469	-0.00810185	0.00116961	
5.10726	5.11593	-0.00867367	-0.00182147	-0.00810185	0.000875898	
5.10072	5.10048	0.000238419	5.00679e-05	-0.00810046	0.00168438	
5.09389	5.08109	0.0127954	0.00268704	-0.00802582	0.00237328	
5.07385	5.03952	0.0343289	0.00720908	-0.00782557	0.00406983	
5.05855	5.01506	0.0434923	0.00913339	-0.00757186	0.00173188	
5.05486	5.00076	0.0541015	0.0113613	-0.00725627	0.00200513	
5.04475	4.95806	0.0866923	0.0182054	-0.00675057	0.00615967	
5.02409	4.93757	0.0865226	0.0181697	-0.00624585	-3.20835e-05	
5.02257	4.92873	0.0938396	0.0197063	-0.00569845	0.00138293	
5.01058	4.89946	0.111119	0.0233349	-0.00505026	0.00326576	
4.9906	4.88007	0.110529	0.0232112	-0.00440551	-0.000111391	
4.98802	4.86791	0.120114	0.025224	-0.00370484	0.00181155	
4.9772	4.85127	0.125932	0.0264458	-0.00297023	0.00109958	
4.95804	4.83978	0.118261	0.0248348	-0.00228038	-0.00144989	
4.9452	4.83422	0.110981	0.0233059	-0.00163299	-0.00137599	
4.93832	4.83437	0.103946	0.0218286	-0.00102664	-0.00132957	
4.90977	4.83084	0.0789309	0.0165755	-0.000566212	-0.00472781	
4.89981	4.82891	0.0708966	0.0148883	-0.000152649	-0.00151847	
4.89172	4.82938	0.0623384	0.0130911	0.000210992	-0.00161751	
4.87555	4.82835	0.0472016	0.00991234	0.000486335	-0.00286084	
4.86732	4.82626	0.0410581	0.00862219	0.00072584	-0.00116113	
4.85734	4.82096	0.036377	0.00763916	0.000938039	-0.00088473	
4.83952	4.80248	0.0370374	0.00777785	0.00115409	0.000124819	
4.82732	4.79904	0.0282774	0.00593825	0.00131904	-0.00165564	
4.81807	4.79379	0.024281	0.00509901	0.00146068	-0.000755314	
4.80021	4.78554	0.0146689	0.00308048	0.00154625	-0.00181668	
4.78415	4.77287	0.0112815	0.00236911	0.00161206	-0.000640228	
4.76809	4.76431	0.00378227	0.000794277	0.00163412	-0.00141735	
4.75571	4.75839	-0.00267601	-0.000561962	0.00161851	-0.00122062	
4.7388	4.74441	-0.00560856	-0.0011778	0.0015858	-0.000554252	
4.72312	4.73042	-0.0072999	-0.00153298	0.00154321	-0.000319664	
4.7108	4.71957	-0.0087676	-0.0018412	0.00149207	-0.000277396	
4.6972	4.68636	0.0108409	0.00227659	0.00155531	0.00370601	
4.69111	4.67814	0.0129714	0.00272399	0.00163097	0.000402666	
4.68463	4.66433	0.020299	0.00426278	0.00174938	0.00138491	
4.67325	4.63803	0.0352225	0.00739673	0.00195485	0.00282056	
4.64425	4.61308	0.0311713	0.00654598	0.00213668	-0.000765678	
4.63796	4.59303	0.0449319	0.0094357	0.00239878	0.00260075	
4.61854	4.56343	0.0551085	0.0115728	0.00272025	0.00192339	
4.61265	4.55555	0.0571036	0.0119918	0.00305335	0.000377071	
4.60598	4.55242	0.0535598	0.0112476	0.00336579	-0.000669788	
4.60383	4.53245	0.071384	0.0149906	0.00378219	0.00336877	
4.59462	4.51501	0.0796089	0.0167179	0.00424658	0.00155452	
4.59343	4.51073	0.0827022	0.0173675	0.00472901	0.000584623	
4.58599	4.49694	0.0890546	0.0187015	0.00524849	0.00120061	
4.58206	4.49467	0.0873899	0.0183519	0.00575827	-0.000314617	
4.57892	4.49548	0.0834379	0.017522	0.00624499	-0.000746933	
4.57718	4.50075	0.0764275	0.0160498	0.00669082	-0.00132498	
4.58304	4.50718	0.0758591	0.0159304	0.00713333	-0.000107426	
4.58696	4.50834	0.0786204	0.0165103	0.00759195	0.000521898	
4.58913	4.51378	0.0753455	0.0158226	0.00803146	-0.000618959	
4.5964	4.52415	0.0722456	0.0151716	0.00810185	-0.000585885	
4.5964	4.51408	0.0823245	0.0172881	0.00810185	0.00190491	
4.59817	4.52334	0.0748262	0.0157135	0.00810185	-0.00141717	
4.60973	4.52827	0.0814629	0.0171072	0.00810185	0.00125432	
4.60973	4.53835	0.0713778	0.0149893	0.00810185	-0.00190608	
4.61858	4.54559	0.0729852	0.0153269	0.00810185	0.000303802	
4.63254	4.55238	0.0801597	0.0168335	0.00810185	0.00135598	
4.64056	4.56732	0.0732379	0.01538	0.00810185	-0.00130821	
4.648	4.57126	0.0767398	0.0161154	0.00810185	0.000661858	
4.65354	4.57689	0.076654	0.0160973	0.00810185	-1.6222e-05	
4.6662	4.58744	0.078764	0.0165404	0.00810185	0.000398791	
4.67332	4.58663	0.0866909	0.0182051	0.00810185	0.00149819	
4.67603	4.5877	0.0883341	0.0185502	0.00810185	0.000310561	
4.68005	4.60407	0.0759835	0.0159565	0.00810185	-0.00233426	
4.68576	4.60782	0.0779386	0.0163671	0.00810185	0.000369501	
4.69095	4.62428	0.0666704	0.0140008	0.00810185	-0.00212968	
4.69219	4.62839	0.063796	0.0133972	0.00810185	-0.000543257	
4.69255	4.63698	0.0555668	0.011669	0.00810185	-0.00155533	
4.68013	4.64758	0.0325541	0.00683637	0.00810185	-0.00434939	
4.67798	4.65439	0.0235882	0.00495352	0.00810185	-0.00169457	
4.66605	4.66078	0.00526714	0.0011061	0.00810185	-0.00346268	
4.65692	4.65245	0.00447083	0.000938873	0.00810185	-0.000150504	
4.64933	4.65105	-0.00171804	-0.000360789	0.00809183	-0.0011697	
4.64138	4.6532	-0.0118208	-0.00248237	0.00802287	-0.00190942	
4.61946	4.64923	-0.0297747	-0.00625268	0.00784919	-0.00339328	
4.6169	4.6392	-0.0222964	-0.00468225	0.00771913	0.00141339	
4.60798	4.63267	-0.0246906	-0.00518503	0.0075751	-0.000452504	
4.60281	4.61795	-0.0151415	-0.00317971	0.00748677	0.00180479	
4.58993	4.60481	-0.0148821	-0.00312524	0.00739996	4.90265e-05	
4.5851	4.5954	-0.0102968	-0.00216233	0.0073399	0.000866615	
4.57885	4.58599	-0.00714016	-0.00149943	0.00729825	0.000596609	
4.56638	4.54958	0.0168018	0.00352838	0.00739626	0.00452504	
4.55417	4.53313	0.0210385	0.00441809	0.00751898	0.000800736	
4.5514	4.52101	0.0303869	0.00638125	0.00769624	0.00176685	
4.54191	4.49108	0.0508299	0.0106743	0.00799275	0.00386372	
4.53477	4.47213	0.0626392	0.0131542	0.00810185	0.00223197	
4.52612	4.4694	0.0567164	0.0119105	0.00810185	-0.00111941	
4.51877	4.46171	0.0570564	0.0119818	0.00810185	6.42571e-05	
4.51508	4.45801	0.0570664	0.011984	0.00810185	1.89257e-06	
4.51079	4.46018	0.0506105	0.0106282	0.00810185	-0.00122016	
4.51118	4.45453	0.0566545	0.0118974	0.00810185	0.0011423	
4.50649	4.44713	0.05936	0.0124656	0.00810185	0.000511353	
4.49873	4.44386	0.0548716	0.011523	0.00810185	-0.00084832	
4.49469	4.44454	0.0501499	0.0105315	0.00810185	-0.00089239	
4.49015	4.44412	0.0460324	0.00966681	0.00810185	-0.000778205	
4.4909	4.44216	0.0487375	0.0102349	0.00810185	0.000511263	
4.48731	4.44383	0.0434771	0.00913018	0.00810185	-0.000994228	
4.48412	4.44869	0.0354252	0.00743929	0.00810185	-0.0015218	
4.48376	4.45061	0.0331516	0.00696184	0.00810185	-0.000429703	
4.49047	4.44588	0.0445929	0.0093645	0.00810185	0.00216239	
4.4937	4.44625	0.0474524	0.00996501	0.00810185	0.000540463	
4.49307	4.43758	0.0554948	0.0116539	0.00810185	0.00152	
4.49371	4.43379	0.0599151	0.0125822	0.00810185	0.000835433	
4.49019	4.4336	0.0565858	0.011883	0.00810185	-0.000629233	
4.49149	4.43445	0.0570421	0.0119788	0.00810185	8.6247e-05	
4.49659	4.44053	0.0560622	0.0117731	0.00810185	-0.000185201	
4.50282	4.44411	0.058712	0.0123295	0.00810185	0.000500809	
4.50256	4.44233	0.0602269	0.0126477	0.00810185	0.000286318	
4.51286	4.44475	0.0681052	0.0143021	0.00810185	0.001489	
4.51388	4.44314	0.0707445	0.0148563	0.00810185	0.000498826	
4.51522	4.44517	0.0700545	0.0147115	0.00810185	-0.000130407	
4.51776	4.45033	0.0674253	0.0141593	0.00810185	-0.000496934	
4.52249	4.45264	0.0698504	0.0146686	0.00810185	0.000458362	
4.52424	4.45792	0.0663218	0.0139276	0.00810185	-0.000666904	
4.52468	4.46346	0.0612192	0.012856	0.00810185	-0.000964398	
4.54382	4.47294	0.070879	0.0148846	0.00810185	0.0018257	
4.54558	4.47483	0.0707541	0.0148584	0.00810185	-2.3612e-05	
4.55385	4.48028	0.0735717	0.0154501	0.00810185	0.000532532	
4.56269	4.48467	0.078022	0.0163846	0.00810185	0.000841111	
4.57543	4.49219	0.0832405	0.0174805	0.00810185	0.000986298	
4.57757	4.49479	0.0827789	0.0173836	0.00810185	-8.72383e-05	
4.58657	4.4981	0.0884743	0.0185796	0.00810185	0.00107642	
4.59501	4.509	0.0860128	0.0180627	0.00810185	-0.000465211	
4.60132	4.51589	0.085433	0.0179409	0.00810185	-0.000109589	
4.61878	4.52215	0.0966344	0.0202932	0.00810185	0.00211706	
4.62896	4.53273	0.096231	0.0202085	0.00810185	-7.62434e-05	
4.63599	4.5398	0.0961938	0.0202007	0.00810185	-7.02953e-06	
4.64462	4.54345	0.10117	0.0212457	0.00810185	0.000940515	
4.65739	4.56543	0.0919604	0.0193117	0.00810185	-0.00174062	
4.67171	4.57073	0.100977	0.0212052	0.00810185	0.00170412	
4.68051	4.5778	0.10271	0.0215692	0.00810185	0.000327594	
4.68345	4.58877	0.0946755	0.0198819	0.00810185	-0.00151856	
4.68953	4.60478	0.0847497	0.0177974	0.00810185	-0.00187598	
4.69172	4.61149	0.0802298	0.0168482	0.00810185	-0.000854269	
4.69466	4.62017	0.0744901	0.0156429	0.00810185	-0.0010848	
4.69659	4.63198	0.0646095	0.013568	0.00810185	-0.00186742	
4.69463	4.63958	0.0550518	0.0115609	0.00810185	-0.00180641	
4.69502	4.64503	0.0499887	0.0104976	0.00810185	-0.000956918	
4.69543	4.64951	0.0459213	0.00964348	0.00810185	-0.000768743	
4.69504	4.65335	0.0416932	0.00875557	0.00810185	-0.000799114	
4.6968	4.65335	0.0434532	0.00912517	0.00810185	0.000332641	
4.69404	4.65415	0.0398879	0.00837646	0.00810185	-0.000673844	
4.6962	4.65694	0.0392642	0.00824548	0.00810185	-0.00011788	
4.68992	4.65559	0.0343294	0.00720918	0.00810185	-0.000932675	
4.69659	4.65613	0.0404568	0.00849592	0.00810185	0.00115807	
4.68933	4.65166	0.037674	0.00791153	0.00810185	-0.000525953	
4.68541	4.64746	0.0379457	0.00796861	0.00810185	5.13697e-05	
4.68129	4.64703	0.0342627	0.00719516	0.00810185	-0.000696104	
4.67875	4.63836	0.0403881	0.0084815	0.00810185	0.00115771	
4.67678	4.63665	0.040132	0.00842773	0.00810185	-4.83956e-05	
4.68327	4.62842	0.0548525	0.011519	0.00810185	0.00278216	
4.68939	4.62712	0.0622735	0.0130774	0.00810185	0.00140257	
4.68818	4.62454	0.063643	0.013365	0.00810185	0.000258831	
4.69639	4.62319	0.073205	0.015373	0.00810185	0.00180722	
4.70993	4.61809	0.0918436	0.0192872	0.00810185	0.0035227	
4.71973	4.61962	0.100107	0.0210225	0.00810185	0.00156182	
4.72876	4.62116	0.107599	0.0225957	0.00810185	0.00141591	
4.74444	4.62523	0.119215	0.0250352	0.00810185	0.00219547	
4.77563	4.63051	0.14512	0.0304751	0.00810185	0.00489598	
4.78269	4.63603	0.146658	0.0307982	0.00810185	0.000290734	
4.80132	4.64969	0.15163	0.0318423	0.00810185	0.000939704	
4.83799	4.66302	0.174968	0.0367432	0.00810185	0.00441085	
4.86996	4.66929	0.200669	0.0421405	0.00810185	0.0048575	
4.88703	4.68772	0.199308	0.0418547	0.00810185	-0.000257209	
4.93977	4.7128	0.22697	0.0476637	0.00810185	0.00522817	
4.95939	4.73376	0.225627	0.0473817	0.00810185	-0.000253874	
4.98332	4.77421	0.209105	0.0439122	0.00810185	-0.00312255	
5.02214	4.80439	0.217749	0.0457273	0.00810185	0.00163365	
5.03587	4.83476	0.201111	0.0422333	0.00810185	-0.00314463	
5.05156	4.85354	0.198017	0.0415836	0.00810185	-0.000584713	
5.091	4.91038	0.180621	0.0379303	0.00810185	-0.00328793	
5.10883	4.92864	0.180191	0.03784	0.00810185	-8.12902e-05	
5.11079	4.95514	0.15565	0.0326864	0.00810185	-0.00463823	
5.14649	5.0016	0.144886	0.0304261	0.00810185	-0.00203433	
5.16305	5.02787	0.135183	0.0283885	0.00810185	-0.00183381	
5.16657	5.04826	0.118308	0.0248446	0.00810185	-0.00318952	
5.19297	5.07313	0.119837	0.0251657	0.00810185	0.000289022	
5.21179	5.10353	0.10826	0.0227345	0.00810185	-0.00218808	
5.2212	5.11177	0.109432	0.0229808	0.00810185	0.000221611	
5.2265	5.12413	0.102371	0.021498	0.00810185	-0.00133453	
5.23101	5.13687	0.0941401	0.0197694	0.00810185	-0.00155569	
5.23258	5.14865	0.0839257	0.0176244	0.00810185	-0.00193051	
5.23905	5.16401	0.0750356	0.0157575	0.00810185	-0.00168024	
5.2463	5.17661	0.0696931	0.0146355	0.00810185	-0.00100973	
5.24866	5.18076	0.0678959	0.0142581	0.00810185	-0.000339671	
5.24691	5.18252	0.0643911	0.0135221	0.00810185	-0.000662398	
5.23886	5.18705	0.0518141	0.010881	0.00810185	-0.00237706	
5.24336	5.18559	0.0577669	0.0121311	0.00810185	0.00112509	
5.24456	5.18725	0.0573101	0.0120351	0.00810185	-8.63371e-05	
5.24635	5.18948	0.0568719	0.0119431	0.00810185	-8.28223e-05	
5.25245	5.19416	0.058291	0.0122411	0.00810185	0.000268204	
5.25457	5.19752	0.0570512	0.0119807	0.00810185	-0.000234318	
5.25593	5.1869	0.0690308	0.0144965	0.00810185	0.00226414	
5.25632	5.18215	0.0741739	0.0155765	0.00810185	0.000972058	
5.25532	5.18299	0.0723305	0.0151894	0.00810185	-0.000348413	
5.25709	5.18273	0.0743585	0.0156153	0.00810185	0.00038329	
5.25869	5.17946	0.079227	0.0166377	0.00810185	0.000920148	
5.26535	5.17739	0.0879617	0.018472	0.00810185	0.00165086	
5.26829	5.1801	0.0881858	0.018519	0.00810185	4.23574e-05	
5.26319	5.17825	0.0849423	0.0178379	0.00810185	-0.000613011	
5.27092	5.1777	0.0932183	0.0195758	0.00810185	0.00156416	
5.27447	5.18301	0.091455	0.0192055	0.00810185	-0.000333272	
5.27406	5.18206	0.0920019	0.0193204	0.00810185	0.00010337	
5.28078	5.18106	0.0997176	0.0209407	0.00810185	0.00145827	
5.28143	5.18106	0.100368	0.0210772	0.00810185	0.000122837	
5.28971	5.18323	0.106479	0.0223606	0.00810185	0.0011551	
5.28985	5.18823	0.101622	0.0213405	0.00810185	-0.000918075	
5.28939	5.19131	0.0980768	0.0205961	0.00810185	-0.000669969	
5.29691	5.19382	0.103089	0.0216487	0.00810185	0.000947275	
5.30561	5.19786	0.107748	0.022627	0.00810185	0.000880494	
5.30641	5.20157	0.104842	0.0220169	0.00810185	-0.000549115	
5.30991	5.20347	0.106444	0.0223532	0.00810185	0.000302721	
5.31513	5.20569	0.109442	0.0229829	0.00810185	0.000566689	
5.32102	5.21568	0.105339	0.0221211	0.00810185	-0.000775592	
5.32735	5.2187	0.108654	0.0228172	0.00810185	0.00062653	
5.32619	5.22238	0.103811	0.0218004	0.00810185	-0.000915191	
5.33358	5.23591	0.0976701	0.0205107	0.00810185	-0.00116068	
5.3409	5.2367	0.104205	0.021883	0.00810185	0.00123503	
5.3409	5.23966	0.101241	0.0212606	0.00810185	-0.00056011	
5.34468	5.2472	0.0974779	0.0204704	0.00810185	-0.000711245	
5.34498	5.25117	0.0938134	0.0197008	0.00810185	-0.000692589	
5.34768	5.25766	0.0900154	0.0189032	0.00810185	-0.000717824	
5.3531	5.26642	0.0866823	0.0182033	0.00810185	-0.000629954	
5.36261	5.26672	0.0958886	0.0201366	0.00810185	0.00173999	
5.36059	5.27422	0.0863714	0.018138	0.00810185	-0.00179875	
5.37097	5.27877	0.0922012	0.0193623	0.00810185	0.00110183	
5.38135	5.28675	0.0946016	0.0198663	0.00810185	0.000453675	
5.38658	5.28798	0.0985975	0.0207055	0.00810185	0.000755224	
5.38514	5.29001	0.0951347	0.0199783	0.00810185	-0.000654468	
5.39314	5.29859	0.0945511	0.0198557	0.00810185	-0.00011031	
5.40119	5.30163	0.0995622	0.0209081	0.00810185	0.000947094	
5.40768	5.30968	0.0980024	0.0205805	0.00810185	-0.00029479	
5.4123	5.31363	0.0986743	0.0207216	0.00810185	0.000126982	
5.41895	5.31436	0.104588	0.0219634	0.00810185	0.00111761	
5.41855	5.32347	0.0950813	0.0199671	0.00810185	-0.00179668	
5.42525	5.32829	0.0969601	0.0203616	0.00810185	0.000355082	
5.42662	5.32857	0.098053	0.0205911	0.00810185	0.00020656	
5.43482	5.34217	0.092648	0.0194561	0.00810185	-0.00102154	
5.44287	5.34228	0.10059	0.0211239	0.00810185	0.00150108	
5.44663	5.34165	0.104984	0.0220467	0.00810185	0.000830476	
5.44825	5.34471	0.103539	0.0217433	0.00810185	-0.00027307	
5.45347	5.35283	0.100645	0.0211354	0.00810185	-0.000547132	
5.45426	5.35318	0.101083	0.0212275	0.00810185	8.29124e-05	
5.45803	5.35757	0.100457	0.0210959	0.00810185	-0.000118421	
5.46101	5.36302	0.0979886	0.0205776	0.00810185	-0.000466473	
5.46354	5.36239	0.101152	0.0212419	0.00810185	0.000597871	
5.46744	5.36819	0.0992498	0.0208425	0.00810185	-0.000359498	
5.46976	5.36766	0.102098	0.0214407	0.00810185	0.00053839	
5.47406	5.37016	0.103901	0.0218193	0.00810185	0.000340752	
5.47598	5.37463	0.101354	0.0212844	0.00810185	-0.000481433	
5.4816	5.37937	0.10223	0.0214682	0.00810185	0.000165464	
5.48613	5.37937	0.10676	0.0224196	0.00810185	0.000856251	
5.48843	5.3849	0.103528	0.021741	0.00810185	-0.000610758	
5.49324	5.38687	0.10637	0.0223377	0.00810185	0.000537038	
5.48968	5.3874	0.102276	0.0214779	0.00810185	-0.000773789	
5.4952	5.38848	0.106718	0.0224107	0.00810185	0.000839488	
5.49469	5.39331	0.101382	0.0212903	0.00810185	-0.00100838	
5.4931	5.39653	0.0965729	0.0202803	0.00810185	-0.000908973	
5.49932	5.40449	0.0948281	0.0199139	0.00810185	-0.000329757	
5.50479	5.40674	0.0980487	0.0205902	0.00810185	0.000608685	
5.51069	5.40674	0.103949	0.0218293	0.00810185	0.00111517	
5.50804	5.40602	0.102023	0.0214249	0.00810185	-0.000364004	
5.51684	5.40791	0.108934	0.0228761	0.00810185	0.00130614	
5.52194	5.41399	0.107952	0.0226699	0.00810185	-0.000185562	
5.5259	5.41577	0.110126	0.0231266	0.00810185	0.000410957	
5.5329	5.42411	0.108788	0.0228455	0.00810185	-0.000252973	
5.54109	5.42718	0.113914	0.0239219	0.00810185	0.000968814	
5.54539	5.42816	0.117231	0.0246185	0.00810185	0.00062689	
5.55089	5.43191	0.118982	0.0249862	0.00810185	0.000330929	
5.56305	5.43959	0.12346	0.0259266	0.00810185	0.000846338	
5.57069	5.44531	0.125383	0.0263305	0.00810185	0.000363553	
5.57521	5.4464	0.128806	0.0270493	0.00810185	0.000646897	
5.5856	5.45446	0.13114	0.0275393	0.00810185	0.000441058	
5.59774	5.45967	0.13807	0.0289946	0.00810185	0.00130975	
5.59931	5.46201	0.137304	0.0288339	0.00810185	-0.000144646	
5.60461	5.46852	0.136093	0.0285796	0.00810185	-0.00022891	
5.62229	5.47738	0.14491	0.0304312	0.00810185	0.00166645	
5.62543	5.48383	0.141595	0.029735	0.00810185	-0.00062653	
5.63288	5.49273	0.140153	0.0294322	0.00810185	-0.00027253	
5.65365	5.49501	0.158635	0.0333134	0.00810185	0.00349305	
5.65424	5.50026	0.153983	0.0323365	0.00810185	-0.000879232	
5.6627	5.50938	0.153322	0.0321977	0.00810185	-0.000124909	
5.67352	5.5127	0.160822	0.0337726	0.00810185	0.00141744	
5.69135	5.52781	0.163542	0.0343438	0.00810185	0.000514057	
5.69534	5.53478	0.160561	0.0337178	0.00810185	-0.000563354	
5.71792	5.53833	0.179588	0.0377134	0.00810185	0.00359606	
5.71925	5.54011	0.179141	0.0376196	0.00810185	-8.44445e-05	
5.72435	5.54815	0.176195	0.037001	0.00810185	-0.000556775	
5.73107	5.55223	0.178842	0.0375568	0.00810185	0.000500268	
5.74631	5.56258	0.183734	0.0385841	0.00810185	0.000924564	
5.75356	5.56451	0.189054	0.0397012	0.00810185	0.0010054	
5.76366	5.56919	0.194465	0.0408377	0.00810185	0.0010228	
5.77802	5.57879	0.199227	0.0418376	0.00810185	0.000899961	
5.78458	5.58681	0.197768	0.0415312	0.00810185	-0.000275774	
5.78888	5.59153	0.197352	0.0414439	0.00810185	-7.85866e-05	
5.80062	5.59443	0.206187	0.0432992	0.00810185	0.00166978	
5.80418	5.60325	0.200931	0.0421954	0.00810185	-0.000993417	
5.81198	5.60697	0.205011	0.0430523	0.00810185	0.000771176	
5.82383	5.61363	0.210197	0.0441415	0.00810185	0.000980259	
5.82908	5.62049	0.208587	0.0438032	0.00810185	-0.000304433	
5.83263	5.63147	0.201155	0.0422426	0.00810185	-0.00140455	
5.84679	5.65893	0.187859	0.0394503	0.00810185	-0.00251306	
5.85537	5.67325	0.182123	0.0382458	0.00810185	-0.00108408	
5.85711	5.6858	0.171307	0.0359744	0.00810185	-0.00204424	
5.85692	5.72172	0.135202	0.0283925	0.00810185	-0.00682369	
5.87399	5.73681	0.137175	0.0288068	0.00810185	0.000372836	
5.87709	5.74426	0.132832	0.0278947	0.00810185	-0.000820833	
5.88921	5.78114	0.108066	0.0226938	0.00810185	-0.00468086	
5.89496	5.79055	0.104414	0.0219268	0.00810185	-0.000690246	
5.89869	5.80486	0.0938268	0.0197036	0.00810185	-0.00200089	
5.90513	5.81824	0.0868921	0.0182473	0.00810185	-0.00131065	
5.90707	5.84019	0.0668778	0.0140443	0.00810185	-0.0037827	
5.91358	5.84177	0.0718069	0.0150794	0.00810185	0.000931593	
5.91735	5.85331	0.0640388	0.0134481	0.00810185	-0.00146818	
5.93661	5.86723	0.0693803	0.0145699	0.00810185	0.00100955	
5.93997	5.86353	0.0764427	0.016053	0.00810185	0.0013348	
5.94277	5.85999	0.0827818	0.0173842	0.00810185	0.00119808	
5.94872	5.85705	0.091671	0.0192509	0.00810185	0.00168006	
5.95629	5.84878	0.107508	0.0225766	0.00810185	0.00299314	
5.95924	5.84368	0.115557	0.0242669	0.00810185	0.00152126	
5.9645	5.84034	0.124159	0.0260735	0.00810185	0.0016259	
5.97716	5.84093	0.136232	0.0286088	0.00810185	0.0022818	
5.98152	5.84014	0.141377	0.0296893	0.00810185	0.000972419	
5.99315	5.83603	0.157123	0.0329957	0.00810185	0.00297584	
6.00045	5.83622	0.164227	0.0344878	0.00810185	0.00134282	
6.00626	5.84017	0.166094	0.0348797	0.00810185	0.000352738	
6.01834	5.84372	0.174616	0.0366694	0.00810185	0.00161075	
6.02344	5.85828	0.165159	0.0346833	0.00810185	-0.00178748	
6.03526	5.8624	0.172862	0.036301	0.00810185	0.00145592	
6.04799	5.87396	0.174031	0.0365465	0.00810185	0.00022089	
6.06925	5.87554	0.193709	0.0406789	0.00810185	0.00371916	
6.08101	5.87871	0.202302	0.0424834	0.00810185	0.00162409	
6.09261	5.88482	0.207785	0.0436349	0.00810185	0.00103632	
6.10148	5.89291	0.20857	0.0437996	0.00810185	0.000148251	
6.12773	5.89876	0.228968	0.0480832	0.00810185	0.00385525	
6.13166	5.90636	0.225304	0.0473139	0.00810185	-0.000692409	
6.16106	5.9221	0.238956	0.0501808	0.00810185	0.0025802	
6.18395	5.92706	0.256893	0.0539476	0.00810185	0.00339013	
6.19298	5.94235	0.250626	0.0526315	0.00810185	-0.00118448	
6.20673	5.97136	0.235373	0.0494282	0.00810185	-0.00288292	
6.22382	6.01219	0.211627	0.0444418	0.00810185	-0.00448782	
6.24575	6.03179	0.213957	0.044931	0.00810185	0.000440337	
6.26419	6.0665	0.197688	0.0415145	0.00810185	-0.00307488	
6.30364	6.11249	0.19115	0.0401415	0.00810185	-0.00123567	
6.32659	6.13602	0.190572	0.0400201	0.00810185	-0.000109318	
6.32659	6.15819	0.168397	0.0353635	0.00810185	-0.00419095	
6.36982	6.19351	0.176308	0.0370246	0.00810185	0.00149504	
6.38848	6.21022	0.178262	0.037435	0.00810185	0.000369321	
6.39728	6.22478	0.172505	0.036226	0.00810185	-0.00108805	
6.42705	6.25199	0.17506	0.0367626	0.00810185	0.000482875	
6.44298	6.27754	0.165437	0.0347417	0.00810185	-0.00181876	
6.46187	6.29499	0.166881	0.035045	0.00810185	0.00027298	
6.50224	6.31158	0.19066	0.0400386	0.00810185	0.00449421	
6.51573	6.32364	0.192089	0.0403387	0.00810185	0.000270096	
6.53046	6.34021	0.190253	0.0399531	0.00810185	-0.000347061	
6.5473	6.36023	0.187068	0.0392844	0.00810185	-0.000601836	
6.57181	6.37792	0.19389	0.0407168	0.00810185	0.0012892	
6.60184	6.38984	0.211999	0.0445198	0.00810185	0.00342266	
6.61114	6.40121	0.209933	0.044086	0.00810185	-0.000390409	
6.63028	6.43198	0.198296	0.0416421	0.00810185	-0.00219952	
6.65653	6.4442	0.212327	0.0445887	0.00810185	0.00265194	
6.66737	6.45759	0.209777	0.0440531	0.00810185	-0.000481974	
6.6886	6.48733	0.201272	0.042267	0.00810185	-0.00160751	
6.69876	6.49931	0.199454	0.0418854	0.00810185	-0.000343456	
6.70643	6.50619	0.200245	0.0420514	0.00810185	0.000149423	
6.70844	6.53401	0.174426	0.0366294	0.00810185	-0.00487985	
6.71742	6.56633	0.151089	0.0317287	0.00810185	-0.00441058	
6.72523	6.5815	0.143733	0.0301838	0.00810185	-0.00139041	
6.72981	6.59427	0.135536	0.0284626	0.00810185	-0.00154911	
6.7344	6.61504	0.119361	0.0250659	0.00810185	-0.00305704	
6.73903	6.64342	0.0956068	0.0200774	0.00810185	-0.00448962	
6.7402	6.65264	0.0875621	0.018388	0.00810185	-0.00152045	
6.74984	6.66818	0.0816641	0.0171495	0.00810185	-0.00111472	
6.75671	6.68716	0.0695491	0.0146053	0.00810185	-0.00228974	
6.76293	6.68987	0.0730605	0.0153427	0.00810185	0.00066366	
6.7736	6.69319	0.0804105	0.0168862	0.00810185	0.00138914	
6.77706	6.68808	0.0889831	0.0186864	0.00810185	0.00162022	
6.77313	6.68857	0.0845594	0.0177575	0.00810185	-0.000836064	
6.79063	6.69048	0.10015	0.0210314	0.00810185	0.00294655	
6.79844	6.69551	0.10293	0.0216153	0.00810185	0.000525503	
6.81046	6.68826	0.122199	0.0256618	0.00810185	0.00364184	
6.81684	6.68047	0.136372	0.028638	0.00810185	0.00267861	
6.8115	6.67315	0.138351	0.0290537	0.00810185	0.000374097	
6.81094	6.67008	0.140859	0.0295804	0.00810185	0.000474043	
6.81653	6.67125	0.145283	0.0305094	0.00810185	0.000836064	
6.82391	6.68159	0.142323	0.0298879	0.00810185	-0.000559298	
6.83933	6.68336	0.155965	0.0327527	0.00810185	0.00257831	
6.84807	6.68182	0.166247	0.0349118	0.00810185	0.00194322	
6.85805	6.6847	0.173352	0.0364039	0.00810185	0.00134282	
6.8591	6.68759	0.171512	0.0360175	0.00810185	-0.000347692	
6.85965	6.68674	0.172915	0.036312	0.00810185	0.000265049	
6.86727	6.69614	0.171133	0.0359379	0.00810185	-0.000336697	
6.87501	6.696	0.179005	0.0375911	0.00810185	0.00148783	
6.87089	6.69662	0.174273	0.0365973	0.00810185	-0.000894373	
6.87771	6.71038	0.167334	0.0351402	0.00810185	-0.00131146	
6.8864	6.71824	0.168161	0.0353139	0.00810185	0.000156362	
6.89365	6.72315	0.170497	0.0358044	0.00810185	0.000441419	
6.90057	6.72887	0.171704	0.0360578	0.00810185	0.000228099	
6.90526	6.73353	0.171725	0.0360623	0.00810185	4.0555e-06	
6.91098	6.73863	0.172347	0.0361929	0.00810185	0.000117519	
6.91145	6.74883	0.162619	0.03415	0.00810185	-0.00183858	
6.92362	6.75436	0.169261	0.0355448	0.00810185	0.00125531	
6.92664	6.76124	0.1654	0.034734	0.00810185	-0.00072972	
6.93443	6.77039	0.164038	0.0344479	0.00810185	-0.000257479	
6.93859	6.77813	0.160456	0.0336957	0.00810185	-0.000676998	
6.94241	6.78796	0.154445	0.0324335	0.00810185	-0.00113599	
6.95089	6.79988	0.151011	0.0317123	0.00810185	-0.00064906	
6.969	6.80455	0.164453	0.0345351	0.00810185	0.00254055	
6.97336	6.81253	0.160826	0.0337734	0.00810185	-0.00068556	
6.97625	6.81537	0.160877	0.0337841	0.00810185	9.64308e-06	
6.9834	6.82342	0.15998	0.0335959	0.00810185	-0.00016943	
6.98728	6.83269	0.154593	0.0324644	0.00810185	-0.00101829	
6.98574	6.84021	0.145529	0.0305611	0.00810185	-0.00171295	
6.99731	6.85083	0.14648	0.0307608	0.00810185	0.000179704	
6.9998	6.84859	0.151211	0.0317543	0.00810185	0.000894103	
7.00216	6.8585	0.143659	0.0301683	0.00810185	-0.00142736	
7.0095	6.86949	0.140005	0.0294011	0.00810185	-0.000690516	
7.01184	6.87034	0.141496	0.0297142	0.00810185	0.000281812	
7.01301	6.87382	0.139189	0.0292296	0.00810185	-0.000436101	
7.01653	6.87403	0.142495	0.029924	0.00810185	0.000624907	
7.01187	6.87329	0.138578	0.0291014	0.00810185	-0.000740354	
7.00994	6.87876	0.131178	0.0275475	0.00810185	-0.00139852	
7.01011	6.88311	0.126999	0.0266698	0.00810185	-0.000789921	
7.00975	6.87696	0.132793	0.0278866	0.00810185	0.00109517	
7.00409	6.87348	0.130611	0.0274283	0.00810185	-0.000412489	
6.98981	6.87619	0.113624	0.023861	0.00810185	-0.0032106	
6.98953	6.87212	0.117411	0.0246562	0.00810185	0.000715751	
6.98504	6.87243	0.112613	0.0236487	0.00810185	-0.00090681	
6.98523	6.86736	0.117869	0.0247525	0.00810185	0.000993417	
6.97942	6.86328	0.116139	0.0243893	0.00810185	-0.000326873	
6.97002	6.85932	0.110703	0.0232476	0.00810185	-0.00102748	
6.9588	6.85457	0.104234	0.0218891	0.00810185	-0.00122269	
6.94972	6.84671	0.103007	0.0216314	0.00810185	-0.000231884	
6.9369	6.84377	0.093132	0.0195577	0.00810185	-0.00186634	
6.91885	6.84336	0.0754905	0.015853	0.00810185	-0.00333425	
6.90785	6.83352	0.074327	0.0156087	0.00810185	-0.000219898	
6.89875	6.82802	0.0707297	0.0148532	0.00810185	-0.000679882	
6.88928	6.82408	0.0651999	0.013692	0.00810185	-0.00104515	
6.87829	6.80508	0.0732064	0.0153733	0.00810185	0.00151324	
6.85334	6.79566	0.0576839	0.0121136	0.00810185	-0.00293375	
6.84509	6.79349	0.0516043	0.0108369	0.00810185	-0.00114906	
6.83743	6.78523	0.0521994	0.0109619	0.00810185	0.000112473	
6.81464	6.77389	0.0407467	0.0085568	0.00810185	-0.00216456	
6.80974	6.76918	0.0405598	0.00851755	0.00810185	-3.53279e-05	
6.79582	6.75974	0.036077	0.00757617	0.00810185	-0.000847239	
6.77562	6.74052	0.0351048	0.007372	0.00810185	-0.000183759	
6.76562	6.73444	0.0311775	0.00654728	0.00810185	-0.000742247	
6.76092	6.72799	0.0329337	0.00691608	0.00810185	0.00033192	
6.75149	6.71349	0.0379958	0.00797912	0.00810185	0.000956737	
6.73679	6.69346	0.043334	0.00910014	0.00810185	0.00100892	
6.7309	6.686	0.0449018	0.00942939	0.00810185	0.000296322	
6.71739	6.66991	0.0474753	0.00996982	0.00810185	0.00048639	
6.71192	6.66406	0.0478559	0.0100497	0.00810185	7.19175e-05	
6.70837	6.64307	0.0652976	0.0137125	0.00810185	0.00329649	
6.69757	6.62912	0.0684471	0.0143739	0.00810185	0.000595257	
6.69207	6.61931	0.0727582	0.0152792	0.00810185	0.000814795	
6.68599	6.61127	0.0747166	0.0156905	0.00810185	0.000370132	
6.67659	6.59326	0.083333	0.0174999	0.00810185	0.00162851	
6.66775	6.58127	0.0864801	0.0181608	0.00810185	0.000594807	
6.6603	6.57323	0.0870748	0.0182857	0.00810185	0.000112382	
6.65834	6.56381	0.0945282	0.0198509	0.00810185	0.0014087	
6.64873	6.55284	0.0958896	0.0201368	0.00810185	0.000257299	
6.64521	6.54656	0.0986524	0.020717	0.00810185	0.000522168	
6.64324	6.54028	0.102957	0.021621	0.00810185	0.000813623	
6.635	6.53165	0.10335	0.0217034	0.00810185	7.41706e-05	
6.63423	6.53225	0.10198	0.0214158	0.00810185	-0.000258831	
6.62815	6.52362	0.104534	0.0219522	0.00810185	0.000482695	
6.63089	6.51578	0.115112	0.0241736	0.00810185	0.00199927	
6.62033	6.51755	0.102784	0.0215847	0.00810185	-0.00233002	
6.62406	6.52009	0.10397	0.0218337	0.00810185	0.000224134	
6.62639	6.5101	0.116292	0.0244214	0.00810185	0.00232894	
6.62248	6.51284	0.109645	0.0230254	0.00810185	-0.00125639	
6.62427	6.51362	0.110648	0.0232361	0.00810185	0.000189617	
6.62778	6.50459	0.12319	0.0258699	0.00810185	0.00237039	
6.62208	6.50971	0.112369	0.0235975	0.00810185	-0.00204514	
6.62293	6.51073	0.1122	0.0235621	0.00810185	-3.19033e-05	
6.62907	6.5146	0.114467	0.0240381	0.00810185	0.000428441	
6.63899	6.51521	0.123778	0.0259935	0.00810185	0.00175982	
6.63665	6.51854	0.118109	0.0248028	0.00810185	-0.00107155	
6.63905	6.51011	0.128937	0.0270768	0.00810185	0.00204659	
6.63807	6.50872	0.129354	0.0271642	0.00810185	7.86767e-05	
6.64096	6.51323	0.127726	0.0268225	0.00810185	-0.000307587	
6.6423	6.52684	0.115458	0.0242461	0.00810185	-0.00231875	
6.65476	6.53838	0.116381	0.0244399	0.00810185	0.000174477	
6.66997	6.54188	0.128089	0.0268988	0.00810185	0.00221295	
6.67076	6.5368	0.13396	0.0281316	0.00810185	0.00110949	
6.66255	6.53898	0.123572	0.0259502	0.00810185	-0.00196322	
6.65901	6.54075	0.118261	0.0248348	0.00810185	-0.00100387	
6.65739	6.54975	0.107639	0.0226043	0.00810185	-0.00200747	
6.66114	6.56155	0.0995865	0.0209132	0.00810185	-0.00152198	
6.66449	6.56665	0.0978379	0.020546	0.00810185	-0.000330478	
6.66645	6.57252	0.0939341	0.0197262	0.00810185	-0.000737831	
6.66059	6.57254	0.088048	0.0184901	0.00810185	-0.00111247	
6.65295	6.57137	0.0815797	0.0171317	0.00810185	-0.00122251	
6.65077	6.57802	0.0727472	0.0152769	0.00810185	-0.00166933	
6.64723	6.58002	0.067215	0.0141151	0.00810185	-0.0010456	
6.64849	6.57881	0.0696764	0.014632	0.00810185	0.000465211	
6.64256	6.57549	0.0670729	0.0140853	0.00810185	-0.000492067	
6.63433	6.57492	0.0594134	0.0124768	0.00810185	-0.00144763	
6.635	6.56494	0.0700593	0.0147125	0.00810185	0.00201207	
6.63149	6.56532	0.0661697	0.0138956	0.00810185	-0.000735127	
6.62813	6.56234	0.0657854	0.0138149	0.00810185	-7.26385e-05	
6.62439	6.56158	0.0628071	0.0131895	0.00810185	-0.000562903	
6.62686	6.55585	0.0710053	0.0149111	0.00810185	0.00154947	
6.61956	6.55082	0.0687437	0.0144362	0.00810185	-0.00042745	
6.62012	6.53983	0.0802941	0.0168618	0.00810185	0.00218303	
6.61474	6.53201	0.0827346	0.0173743	0.00810185	0.000461246	
6.6183	6.52434	0.0939608	0.0197318	0.00810185	0.00212175	
6.61703	6.51852	0.0985079	0.0206867	0.00810185	0.000859405	
6.62962	6.51959	0.110031	0.0231064	0.00810185	0.0021778	
6.63102	6.50841	0.12261	0.0257481	0.00810185	0.00237751	
6.63312	6.5101	0.123019	0.025834	0.00810185	7.73249e-05	
6.64547	6.50444	0.141032	0.0296167	0.00810185	0.00340437	
6.64922	6.505	0.144218	0.0302858	0.00810185	0.000602197	
6.65516	6.51297	0.14219	0.0298598	0.00810185	-0.00038338	
6.68135	6.51758	0.163767	0.0343911	0.00810185	0.00407821	
6.68355	6.52222	0.161327	0.0338787	0.00810185	-0.000461155	
6.6771	6.52582	0.151284	0.0317697	0.00810185	-0.00189815	
6.70568	6.54403	0.161654	0.0339472	0.00810185	0.0019598	
6.70891	6.55884	0.150067	0.0315141	0.00810185	-0.00218979	
6.72997	6.56759	0.162381	0.0341	0.00810185	0.00232732	
6.74787	6.56974	0.178129	0.037407	0.00810185	0.00297629	
6.75405	6.57531	0.178742	0.0375358	0.00810185	0.000115897	
6.75639	6.58322	0.173169	0.0363654	0.00810185	-0.00105335	
6.77833	6.60829	0.17004	0.0357084	0.00810185	-0.000591292	
6.79591	6.62152	0.174386	0.0366211	0.00810185	0.000821374	
6.80878	6.63051	0.178271	0.037437	0.00810185	0.000734316	
6.8353	6.64318	0.192116	0.0403443	0.00810185	0.00261661	
6.84236	6.65497	0.187385	0.0393509	0.00810185	-0.000894103	
6.84297	6.66143	0.181542	0.0381238	0.00810185	-0.00110436	
6.86445	6.68294	0.181507	0.0381165	0.00810185	-6.57892e-06	
6.8695	6.68884	0.180663	0.0379393	0.00810185	-0.000159516	
6.87609	6.7126	0.163488	0.0343325	0.00810185	-0.00324611	
6.88376	6.7236	0.160164	0.0336345	0.00810185	-0.000628152	
6.88774	6.73188	0.155859	0.0327304	0.00810185	-0.000813714	
6.89714	6.75334	0.143796	0.0301973	0.00810185	-0.00227982	
6.90767	6.7685	0.139168	0.0292252	0.00810185	-0.000874816	
6.90641	6.77767	0.128742	0.0270358	0.00810185	-0.00197052	
6.91361	6.79021	0.123405	0.025915	0.00810185	-0.00100865	
6.92077	6.80784	0.112929	0.0237152	0.00810185	-0.0019799	
6.92413	6.81416	0.109975	0.0230947	0.00810185	-0.000558397	
6.92904	6.82571	0.103331	0.0216994	0.00810185	-0.00125576	
6.93569	6.83081	0.104882	0.0220252	0.00810185	0.000293168	
6.93653	6.8375	0.0990324	0.0207968	0.00810185	-0.00110553	
6.93363	6.83843	0.0951962	0.0199912	0.00810185	-0.000725033	
6.93943	6.84704	0.0923877	0.0194014	0.00810185	-0.00053082	
6.93489	6.84947	0.0854168	0.0179375	0.00810185	-0.0013175	
6.93629	6.85513	0.0811572	0.017043	0.00810185	-0.000805062	
6.93489	6.85588	0.0790071	0.0165915	0.00810185	-0.000406361	
6.9313	6.85663	0.0746655	0.0156798	0.00810185	-0.000820563	
6.9225	6.85649	0.0660105	0.0138622	0.00810185	-0.00163581	
6.91975	6.85808	0.0616703	0.0129508	0.00810185	-0.000820292	
6.91642	6.85649	0.0599303	0.0125854	0.00810185	-0.000328856	
6.90902	6.85935	0.0496674	0.0104301	0.00810185	-0.0019397	
6.90762	6.85898	0.0486445	0.0102154	0.00810185	-0.000193312	
6.90407	6.85322	0.0508537	0.0106793	0.00810185	0.000417536	
6.89607	6.84844	0.047626	0.0100015	0.00810185	-0.000610037	
6.89419	6.84648	0.0477104	0.0100192	0.00810185	1.59516e-05	
6.89826	6.83806	0.0602012	0.0126422	0.00810185	0.00236075	
6.89112	6.83133	0.0597916	0.0125562	0.00810185	-7.7415e-05	
6.88999	6.82838	0.0616074	0.0129375	0.00810185	0.000343185	
6.88217	6.82215	0.0600152	0.0126032	0.00810185	-0.000300918	
6.88198	6.81626	0.0657182	0.0138008	0.00810185	0.00107786	
6.87908	6.81426	0.0648236	0.013613	0.00810185	-0.000169069	
6.88012	6.80602	0.0740972	0.0155604	0.00810185	0.0017527	
6.87642	6.79919	0.0772314	0.0162186	0.00810185	0.000592373	
6.8739	6.79114	0.0827565	0.0173789	0.00810185	0.00104425	
6.87356	6.78095	0.0926142	0.019449	0.00810185	0.0018631	
6.8745	6.78404	0.0904593	0.0189965	0.00810185	-0.000407262	
6.87782	6.79016	0.0876589	0.0184084	0.00810185	-0.000529288	
6.88194	6.79292	0.0890203	0.0186943	0.00810185	0.000257299	
6.89181	6.78525	0.106559	0.0223774	0.00810185	0.00331488	
6.88704	6.78556	0.101484	0.0213117	0.00810185	-0.000959171	
6.8847	6.77777	0.106929	0.0224551	0.00810185	0.00102902	
6.88423	6.79044	0.093791	0.0196961	0.00810185	-0.00248305	
6.89302	6.79142	0.101599	0.0213357	0.00810185	0.00147566	
6.89831	6.79175	0.10656	0.0223776	0.00810185	0.000937722	
6.8978	6.79133	0.106468	0.0223583	0.00810185	-1.73936e-05	
6.90813	6.79353	0.114604	0.0240667	0.00810185	0.00153758	
6.90813	6.79732	0.110814	0.023271	0.00810185	-0.000716201	
6.91679	6.80241	0.114375	0.0240188	0.00810185	0.000673033	
6.93116	6.80508	0.126078	0.0264764	0.00810185	0.00221187	
6.93559	6.80448	0.131114	0.0275339	0.00810185	0.000951781	
6.93671	6.80789	0.128823	0.0270528	0.00810185	-0.000433037	
6.94088	6.81434	0.126537	0.0265728	0.00810185	-0.000431956	
6.94733	6.82534	0.121995	0.0256189	0.00810185	-0.000858504	
6.95599	6.83137	0.124619	0.0261701	0.00810185	0.000496033	
6.95758	6.83802	0.119565	0.0251087	0.00810185	-0.000955296	
6.9579	6.8396	0.118296	0.0248422	0.00810185	-0.000239815	
6.95767	6.84395	0.113718	0.0238807	0.00810185	-0.000865354	
6.95955	6.85977	0.0997806	0.0209539	0.00810185	-0.00263409	
6.96287	6.86173	0.101137	0.0212387	0.00810185	0.000256308	
6.96156	6.8702	0.091363	0.0191862	0.00810185	-0.00184724	
6.95734	6.87829	0.079052	0.0166009	0.00810185	-0.00232678	
6.96188	6.88025	0.0816274	0.0171417	0.00810185	0.00048675	
6.95833	6.88587	0.0724611	0.0152168	0.00810185	-0.00173242	
6.96417	6.89663	0.0675383	0.014183	0.00810185	-0.000930422	
6.96829	6.90365	0.0646448	0.0135754	0.00810185	-0.000546862	
6.97405	6.90622	0.0678291	0.0142441	0.00810185	0.000601836	
6.97312	6.90771	0.0654087	0.0137358	0.00810185	-0.00045746	
6.97503	6.91012	0.0649137	0.0136319	0.00810185	-9.35469e-05	
6.97667	6.90341	0.0732617	0.015385	0.00810185	0.00157777	
6.97036	6.90781	0.0625448	0.0131344	0.00810185	-0.0020255	
6.95309	6.91484	0.0382538	0.00803329	0.00810185	-0.00459101	
6.94659	6.91259	0.0339994	0.00713988	0.00810185	-0.00080407	
6.91712	6.92259	-0.00546694	-0.00114806	0.00806996	-0.00745915	
6.89237	6.91295	-0.0205817	-0.00432216	0.0079499	-0.00285669	
6.86631	6.90207	-0.0357614	-0.00750988	0.00774129	-0.00286895	
6.84164	6.88396	-0.0423198	-0.00888715	0.00749443	-0.00123954	
6.81593	6.87427	-0.058342	-0.0122518	0.0071541	-0.0030282	
6.79741	6.86155	-0.0641351	-0.0134684	0.00677998	-0.00109489	
6.75522	6.84791	-0.0926948	-0.0194659	0.00623926	-0.00539778	
6.72846	6.82883	-0.100369	-0.0210775	0.00565377	-0.00145043	
6.69061	6.8069	-0.116293	-0.0244215	0.0049754	-0.00300963	
6.67294	6.77533	-0.102388	-0.0215015	0.00437813	0.00262805	
6.6586	6.75548	-0.0968804	-0.0203449	0.003813	0.00104091	
6.65156	6.73959	-0.0880265	-0.0184856	0.00329951	0.00167339	
6.64355	6.70353	-0.0599837	-0.0125966	0.00294961	0.00530009	
6.62607	6.67493	-0.0488615	-0.0102609	0.00266458	0.0021021	
6.59788	6.65625	-0.0583739	-0.0122585	0.00232407	-0.00179785	
6.58689	6.61683	-0.0299368	-0.00628673	0.00214943	0.00537462	
6.56738	6.60019	-0.0328112	-0.00689034	0.00195804	-0.000543257	
6.56052	6.58492	-0.024404	-0.00512485	0.00181568	0.00158894	
6.54958	6.54781	0.00176859	0.000371404	0.001826	0.00494663	
6.53467	6.51858	0.016088	0.00337848	0.00191984	0.00270637	
6.52916	6.49936	0.0298014	0.00625829	0.00209368	0.00259182	
6.5227	6.45972	0.0629807	0.0132259	0.00246107	0.00627088	
6.51463	6.43578	0.0788465	0.0165578	0.00292101	0.00299864	
6.50715	6.41974	0.0874119	0.0183565	0.00343091	0.00161887	
6.50971	6.40207	0.107637	0.0226039	0.0040588	0.00382262	
6.4917	6.37891	0.112794	0.0236867	0.00471676	0.000974582	
6.49874	6.3689	0.129839	0.0272662	0.00547415	0.00322151	
6.49205	6.36596	0.126092	0.0264794	0.00620969	-0.00070809	
6.4862	6.36126	0.124939	0.0262372	0.0069385	-0.000218006	
6.48385	6.35869	0.12516	0.0262836	0.00766861	4.18167e-05	
6.48697	6.35948	0.127493	0.0267736	0.00810185	0.000440968	
6.47734	6.36047	0.116868	0.0245422	0.00810185	-0.00200828	
6.47558	6.3685	0.10708	0.0224868	0.00810185	-0.00184985	
6.47323	6.37182	0.101409	0.0212959	0.00810185	-0.00107182	
6.47026	6.3736	0.0966611	0.0202988	0.00810185	-0.000897347	
6.47085	6.38243	0.0884209	0.0185684	0.00810185	-0.0015574	
6.46948	6.38576	0.0837207	0.0175813	0.00810185	-0.000888335	
6.46713	6.39144	0.0756907	0.0158951	0.00810185	-0.00151766	
6.4642	6.394	0.0702047	0.014743	0.00810185	-0.00103686	
6.46537	6.39831	0.0670633	0.0140833	0.00810185	-0.000593725	
6.4691	6.3989	0.0701995	0.0147419	0.00810185	0.000592734	
6.47069	6.3993	0.0713878	0.0149914	0.00810185	0.000224585	
6.47441	6.40265	0.0717611	0.0150698	0.00810185	7.05657e-05	
6.48027	6.40404	0.0762348	0.0160093	0.00810185	0.000845527	
6.48341	6.40109	0.0823188	0.0172869	0.00810185	0.00114987	
6.48224	6.4064	0.0758357	0.0159255	0.00810185	-0.0012253	
6.48889	6.40567	0.08322	0.0174762	0.00810185	0.00139563	
6.49263	6.40839	0.0842352	0.0176894	0.00810185	0.00019187	
6.49654	6.41328	0.0832648	0.0174856	0.00810185	-0.000183399	
6.49969	6.41666	0.0830302	0.0174363	0.00810185	-4.43401e-05	
6.50323	6.4204	0.0828323	0.0173948	0.00810185	-3.74007e-05	
6.50499	6.42259	0.0824037	0.0173048	0.00810185	-8.10199e-05	
6.50971	6.43237	0.0773401	0.0162414	0.00810185	-0.000957008	
6.51842	6.43133	0.0870943	0.0182898	0.00810185	0.00184354	
6.52038	6.43114	0.0892448	0.0187414	0.00810185	0.000406451	
6.52349	6.43193	0.0915642	0.0192285	0.00810185	0.000438354	
6.52513	6.43086	0.0942702	0.0197967	0.00810185	0.000511444	
6.5246	6.43456	0.0900407	0.0189085	0.00810185	-0.000799384	
6.53938	6.4439	0.0954833	0.0200515	0.00810185	0.00102865	
6.5501	6.45084	0.0992618	0.020845	0.00810185	0.000714128	
6.55847	6.45027	0.108197	0.0227213	0.00810185	0.00168871	
6.56148	6.44884	0.112642	0.0236549	0.00810185	0.000840209	
6.55693	6.44098	0.115947	0.0243489	0.00810185	0.000624637	
6.5514	6.4397	0.111701	0.0234572	0.00810185	-0.000802538	
6.56243	6.44899	0.113436	0.0238216	0.00810185	0.000327955	
6.56859	6.45065	0.11794	0.0247675	0.00810185	0.000851294	
6.57262	6.45606	0.116562	0.024478	0.00810185	-0.000260543	
6.58524	6.45333	0.131906	0.0277002	0.00810185	0.00289995	
6.58997	6.45496	0.135014	0.028353	0.00810185	0.000587507	
6.5842	6.46043	0.123774	0.0259925	0.00810185	-0.00212436	
6.59404	6.47118	0.122859	0.0258003	0.00810185	-0.000173035	
6.59975	6.47665	0.123097	0.0258504	0.00810185	4.50611e-05	
6.61043	6.47732	0.133113	0.0279538	0.00810185	0.00189311	
6.61436	6.48143	0.132927	0.0279148	0.00810185	-3.51477e-05	
6.61855	6.48975	0.1288	0.0270481	0.00810185	-0.000780008	
6.62726	6.4963	0.130957	0.027501	0.00810185	0.000407623	
6.63138	6.5068	0.124582	0.0261622	0.00810185	-0.00120493	
6.6444	6.51651	0.127888	0.0268565	0.00810185	0.000624907	
6.6467	6.5218	0.124903	0.0262297	0.00810185	-0.000564165	
6.65442	6.52836	0.12606	0.0264725	0.00810185	0.000218546	
6.66099	6.54102	0.119967	0.0251931	0.00810185	-0.00115149	
6.6702	6.54557	0.124635	0.0261733	0.00810185	0.000882206	
6.67899	6.55213	0.126857	0.0266399	0.00810185	0.00041997	
6.69115	6.55895	0.132197	0.0277614	0.00810185	0.00100937	
6.69791	6.56984	0.128073	0.0268954	0.00810185	-0.000779467	
6.70221	6.57517	0.127035	0.0266774	0.00810185	-0.000196196	
6.71751	6.58334	0.134171	0.0281758	0.00810185	0.00134859	
6.72543	6.59164	0.133791	0.0280961	0.00810185	-7.17373e-05	
6.73513	6.59637	0.138763	0.0291402	0.00810185	0.000939704	
6.73667	6.60803	0.128636	0.0270135	0.00810185	-0.00191402	
6.74797	6.61406	0.133914	0.028122	0.00810185	0.000997653	
6.7492	6.62014	0.129063	0.0271033	0.00810185	-0.000916903	
6.76179	6.62996	0.131825	0.0276832	0.00810185	0.000521988	
6.77618	6.64176	0.134421	0.0282284	0.00810185	0.000490625	
6.78274	6.64778	0.134959	0.0283414	0.00810185	0.000101748	
6.782	6.65374	0.128263	0.0269351	0.00810185	-0.00126568	
6.78606	6.66462	0.121445	0.0255034	0.00810185	-0.00128857	
6.7876	6.67027	0.117329	0.0246391	0.00810185	-0.000777845	
6.7868	6.678	0.108797	0.0228474	0.00810185	-0.00161256	
6.77328	6.68906	0.0842199	0.0176862	0.00810185	-0.00464508	
6.77408	6.69232	0.0817633	0.0171703	0.00810185	-0.00046431	
6.77408	6.69914	0.0749416	0.0157377	0.00810185	-0.00128929	
6.76296	6.69675	0.0662127	0.0139047	0.00810185	-0.00164978	
6.76075	6.6997	0.0610547	0.0128215	0.00810185	-0.000974852	
6.75419	6.69717	0.0570168	0.0119735	0.00810185	-0.000763155	
6.74644	6.70081	0.0456271	0.00958169	0.00810185	-0.00215266	
6.74386	6.70315	0.0407085	0.00854879	0.00810185	-0.000929611	
6.74745	6.6967	0.0507536	0.0106583	0.00810185	0.00189851	
6.73515	6.68388	0.05127	0.0107667	0.00810185	9.76024e-05	
6.72808	6.67916	0.048923	0.0102738	0.00810185	-0.000443582	
6.72214	6.66727	0.0548673	0.0115221	0.00810185	0.00112346	
6.70779	6.65614	0.0516467	0.0108458	0.00810185	-0.000608685	
6.70418	6.65272	0.0514555	0.0108057	0.00810185	-3.6139e-05	
6.70161	6.64192	0.059691	0.0125351	0.00810185	0.0015565	
6.68683	6.632	0.0548258	0.0115134	0.00810185	-0.000919517	
6.68023	6.62821	0.0520177	0.0109237	0.00810185	-0.00053073	
6.67176	6.62115	0.050611	0.0106283	0.00810185	-0.000265861	
6.65759	6.60903	0.0485554	0.0101966	0.00810185	-0.000388517	
6.65389	6.60683	0.0470552	0.0098816	0.00810185	-0.000283525	
6.65296	6.59701	0.0559478	0.011749	0.00810185	0.00168069	
6.63603	6.58972	0.0463123	0.00972559	0.00810185	-0.0018211	
6.63149	6.58602	0.0454702	0.00954875	0.00810185	-0.000159156	
6.62625	6.57891	0.0473351	0.00994038	0.00810185	0.000352468	
6.61918	6.57049	0.0486875	0.0102244	0.00810185	0.000255587	
6.61133	6.56366	0.0476699	0.0100107	0.00810185	-0.000192321	
6.60843	6.56147	0.0469642	0.00986248	0.00810185	-0.000133381	
6.60609	6.55591	0.0501752	0.0105368	0.00810185	0.000606883	
6.59478	6.55474	0.0400367	0.0084077	0.00810185	-0.00191618	
6.59047	6.54787	0.0425997	0.00894593	0.00810185	0.000484407	
6.5864	6.54217	0.0442309	0.0092885	0.00810185	0.000308308	
6.58398	6.53432	0.049665	0.0104296	0.00810185	0.00102703	
6.57884	6.53352	0.0453162	0.00951641	0.00810185	-0.000821915	
6.57473	6.52488	0.0498505	0.0104686	0.00810185	0.000856972	
6.56194	6.51607	0.045867	0.00963206	0.00810185	-0.000752881	
6.55679	6.51131	0.0454841	0.00955165	0.00810185	-7.23681e-05	
6.55443	6.50598	0.0484505	0.0101746	0.00810185	0.00056065	
6.56305	6.48995	0.0730987	0.0153507	0.00810185	0.00465851	
6.55381	6.49055	0.0632601	0.0132846	0.00810185	-0.00185949	
6.55283	6.48485	0.0679784	0.0142755	0.00810185	0.000891759	
6.55225	6.48031	0.0719423	0.0151079	0.00810185	0.000749186	
6.54106	6.46996	0.0710964	0.0149302	0.00810185	-0.000159877	
6.54126	6.46915	0.0721111	0.0151433	0.00810185	0.00019178	
6.53969	6.46542	0.074275	0.0155978	0.00810185	0.000408975	
6.54028	6.46192	0.0783601	0.0164556	0.00810185	0.000772077	
6.5346	6.46486	0.0697355	0.0146445	0.00810185	-0.00163004	
6.53087	6.45972	0.0711508	0.0149417	0.00810185	0.000267483	
6.53714	6.4572	0.079937	0.0167868	0.00810185	0.00166059	
6.53303	6.45448	0.0785542	0.0164964	0.00810185	-0.000261354	
6.53676	6.45333	0.0834255	0.0175194	0.00810185	0.000920689	
6.5342	6.4502	0.0840015	0.0176403	0.00810185	0.000108868	
6.53832	6.4457	0.0926175	0.0194497	0.00810185	0.00162842	
6.534	6.44631	0.0876937	0.0184157	0.00810185	-0.000930602	
6.53361	6.44419	0.0894179	0.0187778	0.00810185	0.000325882	
6.52914	6.43736	0.0917807	0.0192739	0.00810185	0.000446556	
6.53012	6.43834	0.0917783	0.0192734	0.00810185	-4.50611e-07	
6.52876	6.44017	0.0885944	0.0186048	0.00810185	-0.000601746	
6.53091	6.4404	0.090507	0.0190065	0.00810185	0.00036148	
6.5359	6.4442	0.0916972	0.0192564	0.00810185	0.000224945	
6.53295	6.44156	0.0913887	0.0191916	0.00810185	-5.83091e-05	
6.53163	6.43677	0.094861	0.0199208	0.00810185	0.00065627	
6.52591	6.43757	0.0883427	0.018552	0.00810185	-0.00123197	
6.52842	6.43953	0.0888872	0.0186663	0.00810185	0.00010292	
6.53322	6.43955	0.0936694	0.0196706	0.00810185	0.000903836	
6.54023	6.44175	0.0984845	0.0206817	0.00810185	0.000910054	
6.53898	6.44267	0.096314	0.0202259	0.00810185	-0.000410236	
6.54515	6.44177	0.103376	0.0217089	0.00810185	0.00133471	
6.54866	6.43989	0.108774	0.0228426	0.00810185	0.00102027	
6.53758	6.44338	0.0942016	0.0197823	0.00810185	-0.00275423	
6.54186	6.44447	0.097393	0.0204525	0.00810185	0.000603188	
6.54014	6.43265	0.107487	0.0225722	0.00810185	0.00190771	
6.52964	6.43256	0.0970798	0.0203867	0.00810185	-0.00196692	
6.52922	6.44694	0.0822783	0.0172784	0.00810185	-0.00279748	
6.56259	6.44536	0.117226	0.0246175	0.00810185	0.00660515	
6.53969	6.44166	0.0980253	0.0205853	0.00810185	-0.00362895	
6.54879	6.45084	0.0979481	0.0205691	0.00810185	-1.45998e-05	
6.56083	6.43952	0.121312	0.0254754	0.00810185	0.00441572	
6.55659	6.43487	0.121721	0.0255614	0.00810185	7.73249e-05	
6.53116	6.44027	0.0908942	0.0190878	0.00810185	-0.00582622	
6.54	6.44721	0.0927882	0.0194855	0.00810185	0.000357965	
6.54254	6.44739	0.09515	0.0199815	0.00810185	0.000446375	
6.556	6.45134	0.104658	0.0219781	0.00810185	0.00179695	
6.54356	6.45046	0.0930982	0.0195506	0.00810185	-0.00218474	
6.53792	6.4542	0.0837245	0.0175821	0.00810185	-0.00177162	
6.55513	6.46018	0.0949483	0.0199391	0.00810185	0.0021213	
6.55397	6.46119	0.0927839	0.0194846	0.00810185	-0.000409065	
6.56139	6.46372	0.0976691	0.0205105	0.00810185	0.000923302	
6.5655	6.4651	0.100396	0.0210831	0.00810185	0.000515319	
6.56875	6.47091	0.097837	0.0205458	0.00810185	-0.000483596	
6.57326	6.47504	0.0982189	0.020626	0.00810185	7.21879e-05	
6.57482	6.48162	0.0931959	0.0195711	0.00810185	-0.000949347	
6.57912	6.47739	0.101732	0.0213637	0.00810185	0.00161328	
6.57924	6.47866	0.100577	0.0211212	0.00810185	-0.000218186	
6.57818	6.48156	0.0966215	0.0202905	0.00810185	-0.000747654	
6.58665	6.4974	0.0892482	0.0187421	0.00810185	-0.00139356	
6.59694	6.50384	0.0931025	0.0195515	0.00810185	0.000728458	
6.61045	6.5185	0.0919538	0.0193103	0.00810185	-0.000217104	
6.60956	6.52028	0.0892754	0.0187478	0.00810185	-0.000506216	
6.62343	6.51787	0.105556	0.0221668	0.00810185	0.00307704	
6.62341	6.51386	0.109553	0.0230062	0.00810185	0.000755495	
6.61367	6.50528	0.108385	0.0227609	0.00810185	-0.000220799	
6.60515	6.50875	0.096396	0.0202432	0.00810185	-0.00226594	
6.60214	6.50894	0.093204	0.0195728	0.00810185	-0.000603278	
6.61187	6.51991	0.0919642	0.0193125	0.00810185	-0.000234318	
6.61617	6.51674	0.0994349	0.0208813	0.00810185	0.00141194	
6.61216	6.51894	0.0932169	0.0195755	0.00810185	-0.00117519	
6.61438	6.51512	0.0992613	0.0208449	0.00810185	0.00114239	
6.6168	6.50914	0.107659	0.0226085	0.00810185	0.00158723	
6.6109	6.5012	0.109702	0.0230374	0.00810185	0.000386084	
6.59539	6.49345	0.101944	0.0214083	0.00810185	-0.0014662	
6.59535	6.48903	0.106317	0.0223266	0.00810185	0.000826421	
6.59073	6.48853	0.102198	0.0214615	0.00810185	-0.000778566	
6.58667	6.48937	0.0973001	0.020433	0.00810185	-0.000925645	
6.58683	6.49337	0.0934629	0.0196272	0.00810185	-0.000725213	
6.58907	6.48658	0.102495	0.0215239	0.00810185	0.001707	
6.58238	6.48174	0.100643	0.0211351	0.00810185	-0.000349945	
6.58291	6.47228	0.110635	0.0232333	0.00810185	0.00188842	
6.57512	6.47148	0.103643	0.021765	0.00810185	-0.00132146	
6.57058	6.47744	0.0931444	0.0195603	0.00810185	-0.00198422	
6.57346	6.47903	0.0944262	0.0198295	0.00810185	0.000242249	
6.57255	6.48027	0.0922823	0.0193793	0.00810185	-0.000405189	
6.5719	6.47867	0.0932326	0.0195789	0.00810185	0.000179614	
6.57503	6.47535	0.099679	0.0209326	0.00810185	0.00121836	
6.57244	6.47708	0.0953636	0.0200264	0.00810185	-0.000815606	
6.56731	6.48002	0.0872855	0.01833	0.00810185	-0.00152676	
6.56731	6.47848	0.0888257	0.0186534	0.00810185	0.000291095	
6.57002	6.47993	0.0900936	0.0189197	0.00810185	0.000239635	
6.57152	6.48041	0.0911069	0.0191324	0.00810185	0.00019151	
6.56823	6.46402	0.104207	0.0218835	0.00810185	0.00247593	
6.56466	6.46674	0.0979199	0.0205632	0.00810185	-0.00118826	
6.54762	6.46432	0.0832958	0.0174921	0.00810185	-0.00276396	
6.55741	6.47439	0.0830221	0.0174346	0.00810185	-5.17302e-05	
6.56033	6.47792	0.0824108	0.0173063	0.00810185	-0.000115537	
6.55565	6.4764	0.079248	0.0166421	0.00810185	-0.000597781	
6.58796	6.47105	0.116907	0.0245504	0.00810185	0.00711749	
6.56111	6.46949	0.0916243	0.0192411	0.00810185	-0.00477837	
6.56317	6.47031	0.0928636	0.0195013	0.00810185	0.000234228	
6.57292	6.47303	0.0998888	0.0209766	0.00810185	0.00132777	
6.58152	6.47579	0.105733	0.022204	0.00810185	0.00110463	
6.59718	6.48032	0.116856	0.0245397	0.00810185	0.0021021	
6.59997	6.47779	0.122183	0.0256585	0.00810185	0.00100694	
6.60439	6.47561	0.128785	0.0270449	0.00810185	0.00124774	
6.60207	6.48179	0.120277	0.0252583	0.00810185	-0.00160796	
6.61498	6.49506	0.11992	0.0251832	0.00810185	-6.75917e-05	
6.62912	6.50085	0.12827	0.0269367	0.00810185	0.00157822	
6.64003	6.50693	0.133103	0.0279517	0.00810185	0.000913479	
6.64057	6.50793	0.132644	0.0278553	0.00810185	-8.67877e-05	
6.64637	6.50987	0.136501	0.0286652	0.00810185	0.000728909	
6.6479	6.51379	0.134111	0.0281633	0.00810185	-0.000451693	
6.65174	6.52463	0.12711	0.0266932	0.00810185	-0.00132308	
6.6576	6.53125	0.126348	0.0265332	0.00810185	-0.000144015	
6.66195	6.53309	0.128862	0.0270611	0.00810185	0.000475124	
6.67615	6.54903	0.127121	0.0266954	0.00810185	-0.000329126	
6.69014	6.55761	0.13253	0.0278312	0.00810185	0.00102226	
6.69339	6.55839	0.134996	0.0283492	0.00810185	0.000466202	
6.70272	6.56885	0.13387	0.0281127	0.00810185	-0.000212869	
6.706	6.57559	0.130411	0.0273863	0.00810185	-0.000653747	
6.69961	6.57843	0.121181	0.0254481	0.00810185	-0.00174441	
6.705	6.58051	0.124485	0.0261419	0.00810185	0.000624367	
6.70654	6.58615	0.120387	0.0252813	0.00810185	-0.00077451	
6.70584	6.59084	0.115004	0.0241509	0.00810185	-0.00101739	
6.70779	6.5957	0.112086	0.0235381	0.00810185	-0.000551458	
6.71101	6.59633	0.114676	0.024082	0.00810185	0.000489454	
6.71447	6.60409	0.110381	0.02318	0.00810185	-0.000811731	
6.71515	6.60162	0.113533	0.023842	0.00810185	0.000595798	
6.7171	6.59771	0.11939	0.0250718	0.00810185	0.00110679	
6.70906	6.59236	0.116696	0.0245062	0.00810185	-0.00050901	
6.69908	6.5878	0.11128	0.0233688	0.00810185	-0.0010237	
6.69765	6.58722	0.110428	0.0231898	0.00810185	-0.000161048	
6.69863	6.5846	0.114028	0.0239459	0.00810185	0.000680423	
6.70955	6.59478	0.114766	0.0241009	0.00810185	0.000139509	
6.69465	6.59145	0.103198	0.0216716	0.00810185	-0.00218637	
6.71043	6.58425	0.126182	0.0264982	0.00810185	0.00434398	
6.69358	6.58432	0.109264	0.0229455	0.00810185	-0.00319745	
6.69421	6.57819	0.116017	0.0243635	0.00810185	0.00127622	
6.69401	6.58067	0.113336	0.0238006	0.00810185	-0.000506667	
6.67734	6.5818	0.0955448	0.0200644	0.00810185	-0.00336255	
6.69143	6.57988	0.111548	0.0234251	0.00810185	0.00302459	
6.69308	6.5819	0.111179	0.0233476	0.00810185	-6.97546e-05	
6.67824	6.58556	0.0926824	0.0194633	0.00810185	-0.00349584	
6.6991	6.5858	0.113303	0.0237937	0.00810185	0.00389734	
6.6896	6.58397	0.105627	0.0221816	0.00810185	-0.00145088	
6.69306	6.58017	0.112891	0.0237071	0.00810185	0.00137292	
6.68609	6.57716	0.108926	0.0228745	0.00810185	-0.000749276	
6.68734	6.57961	0.107728	0.022623	0.00810185	-0.000226387	
6.68813	6.58266	0.105465	0.0221477	0.00810185	-0.00042772	
6.69501	6.58122	0.113786	0.023895	0.00810185	0.00157254	
6.69639	6.58395	0.112436	0.0236115	0.00810185	-0.000255136	
6.69671	6.58304	0.113671	0.023871	0.00810185	0.000233507	
6.69777	6.58444	0.113326	0.0237984	0.00810185	-6.53386e-05	
6.70009	6.59027	0.109817	0.0230616	0.00810185	-0.000663119	
6.71388	6.58785	0.126029	0.0264661	0.00810185	0.00306407	
6.71345	6.58472	0.12873	0.0270334	0.00810185	0.000510542	
6.71615	6.58586	0.130287	0.0273603	0.00810185	0.000294249	
6.71935	6.58665	0.132695	0.027866	0.00810185	0.000455117	
6.72686	6.59087	0.135987	0.0285573	0.00810185	0.000622204	
6.73255	6.59273	0.139818	0.0293617	0.00810185	0.000723952	
6.74422	6.59746	0.14676	0.0308195	0.00810185	0.001312	
6.74746	6.59687	0.150592	0.0316243	0.00810185	0.000724312	
6.74971	6.59723	0.152481	0.032021	0.00810185	0.000357064	
6.75466	6.60308	0.151579	0.0318316	0.00810185	-0.000170511	
6.76426	6.60815	0.156108	0.0327828	0.00810185	0.000856071	
6.77389	6.61206	0.161831	0.0339845	0.00810185	0.00108156	
6.7826	6.61807	0.164527	0.0345508	0.00810185	0.000509641	
6.79294	6.6261	0.166843	0.0350371	0.00810185	0.000437724	
6.79898	6.63062	0.168358	0.0353552	0.00810185	0.000286318	
6.80419	6.6364	0.167793	0.0352366	0.00810185	-0.000106795	
6.8107	6.64584	0.16486	0.0346205	0.00810185	-0.000554432	
6.82152	6.65434	0.167183	0.0351084	0.00810185	0.000439075	
6.82152	6.6584	0.163121	0.0342555	0.00810185	-0.000767661	
6.82807	6.67474	0.153326	0.0321985	0.00810185	-0.00185129	
6.8388	6.68724	0.151561	0.0318279	0.00810185	-0.000333542	
6.83921	6.6941	0.145106	0.0304723	0.00810185	-0.00121998	
6.8448	6.70153	0.143271	0.030087	0.00810185	-0.00034679	
6.84816	6.71272	0.135437	0.0284419	0.00810185	-0.00148062	
6.84947	6.71916	0.130308	0.0273647	0.00810185	-0.000969445	
6.85392	6.73092	0.123004	0.0258309	0.00810185	-0.0013804	
6.86407	6.73519	0.128884	0.0270656	0.00810185	0.00111121	
6.86289	6.73359	0.129302	0.0271533	0.00810185	7.89471e-05	
6.86335	6.74202	0.121327	0.0254788	0.00810185	-0.00150711	
6.87231	6.75407	0.118244	0.0248312	0.00810185	-0.00058282	
6.87978	6.75715	0.122625	0.0257512	0.00810185	0.000828043	
6.88273	6.75966	0.123068	0.0258443	0.00810185	8.38137e-05	
6.88033	6.75758	0.122754	0.0257783	0.00810185	-5.94807e-05	
6.88115	6.76556	0.115586	0.024273	0.00810185	-0.00135472	
6.88051	6.77004	0.110466	0.023198	0.00810185	-0.000967552	
6.89186	6.77181	0.120054	0.0252113	0.00810185	0.001812	
6.89313	6.76689	0.126235	0.0265095	0.00810185	0.00116834	
6.89227	6.76658	0.125693	0.0263955	0.00810185	-0.000102559	
6.88912	6.76749	0.121627	0.0255416	0.00810185	-0.000768472	
6.88939	6.7707	0.118692	0.0249253	0.00810185	-0.000554702	
6.89244	6.76866	0.123775	0.0259928	0.00810185	0.000960793	
6.88974	6.76682	0.122921	0.0258135	0.00810185	-0.000161409	
6.89365	6.77582	0.117828	0.0247439	0.00810185	-0.000962686	
6.90004	6.77575	0.124287	0.0261002	0.00810185	0.00122071	
6.89666	6.77728	0.119377	0.0250691	0.00810185	-0.000927988	
6.90613	6.77594	0.130189	0.0273397	0.00810185	0.00204352	
6.90482	6.77876	0.126057	0.026472	0.00810185	-0.000780909	
6.90545	6.77628	0.129166	0.0271249	0.00810185	0.000587597	
6.90774	6.78212	0.125621	0.0263804	0.00810185	-0.000670059	
6.90892	6.78556	0.123364	0.0259064	0.00810185	-0.000426548	
6.91537	6.79242	0.122946	0.0258186	0.00810185	-7.90372e-05	
6.91531	6.7977	0.11761	0.0246982	0.00810185	-0.00100838	
6.92153	6.80436	0.117174	0.0246065	0.00810185	-8.2552e-05	
6.92064	6.80482	0.115823	0.0243228	0.00810185	-0.000255316	
6.91267	6.80307	0.109597	0.0230153	0.00810185	-0.00117673	
6.91047	6.80453	0.105937	0.0222469	0.00810185	-0.000691598	
6.90263	6.80661	0.0960207	0.0201643	0.00810185	-0.00187427	
6.8949	6.80669	0.0882087	0.0185238	0.00810185	-0.00147647	
6.89414	6.81177	0.082366	0.0172969	0.00810185	-0.00110427	
6.89524	6.81738	0.0778637	0.0163514	0.00810185	-0.000850934	
6.90017	6.815	0.0851741	0.0178866	0.00810185	0.00138166	
6.89531	6.80453	0.0907803	0.0190639	0.00810185	0.00105957	
6.88654	6.80402	0.082521	0.0173294	0.00810185	-0.00156101	
6.88021	6.79814	0.0820742	0.0172356	0.00810185	-8.44445e-05	
6.87174	6.8021	0.0696387	0.0146241	0.00810185	-0.0023503	
6.87779	6.80481	0.0729809	0.015326	0.00810185	0.000631667	
6.88438	6.80047	0.0839128	0.0176217	0.00810185	0.00206614	
6.87913	6.80028	0.0788488	0.0165583	0.00810185	-0.000957098	
6.87301	6.79421	0.0788031	0.0165486	0.00810185	-8.65173e-06	
6.8638	6.78664	0.077157	0.016203	0.00810185	-0.000311102	
6.8556	6.7821	0.0735044	0.0154359	0.00810185	-0.000690336	
6.85004	6.78723	0.0628095	0.01319	0.00810185	-0.00202135	
6.84913	6.7855	0.063632	0.0133627	0.00810185	0.000155461	
6.8432	6.78654	0.056664	0.0118994	0.00810185	-0.00131696	
6.84754	6.78902	0.0585232	0.0122899	0.00810185	0.000351387	
6.84775	6.76616	0.0815935	0.0171346	0.00810185	0.00436029	
6.83011	6.76	0.0701141	0.014724	0.00810185	-0.0021696	
6.83731	6.75535	0.0819559	0.0172107	0.00810185	0.0022381	
6.83302	6.75723	0.0757952	0.015917	0.00810185	-0.00116438	
6.82604	6.75949	0.0665531	0.0139762	0.00810185	-0.00174675	
6.83485	6.75705	0.0778027	0.0163386	0.00810185	0.00212616	
6.83261	6.74738	0.0852294	0.0178982	0.00810185	0.00140365	
6.82544	6.74386	0.0815811	0.017132	0.00810185	-0.000689525	
6.81601	6.74342	0.0725918	0.0152443	0.00810185	-0.00169898	
6.81506	6.74169	0.0733676	0.0154072	0.00810185	0.000146629	
6.81171	6.73227	0.0794444	0.0166833	0.00810185	0.00114852	
6.79724	6.7348	0.0624433	0.0131131	0.00810185	-0.00321322	
6.80478	6.73441	0.0703664	0.0147769	0.00810185	0.00149747	
6.79895	6.72492	0.0740266	0.0155456	0.00810185	0.000691778	
6.78951	6.71814	0.0713682	0.0149873	0.00810185	-0.000502431	
6.78414	6.70816	0.0759792	0.0159556	0.00810185	0.000871482	
6.78772	6.71018	0.0775414	0.0162837	0.00810185	0.00029524	
6.78033	6.70811	0.072217	0.0151656	0.00810185	-0.0010063	
6.78497	6.69998	0.0849905	0.017848	0.00810185	0.00241419	
6.77789	6.69453	0.0833616	0.0175059	0.00810185	-0.000307857	
6.75631	6.67353	0.082777	0.0173832	0.00810185	-0.00011049	
6.73926	6.67254	0.0667224	0.0140117	0.00810185	-0.00303433	
6.72662	6.66775	0.0588751	0.0123638	0.00810185	-0.00148314	
6.72361	6.66988	0.0537338	0.0112841	0.00810185	-0.000971698	
6.70757	6.65905	0.0485239	0.01019	0.00810185	-0.000984675	
6.68968	6.65271	0.0369663	0.00776293	0.00810185	-0.00218438	
6.66964	6.64455	0.0250921	0.00526935	0.00810185	-0.00224422	
6.62902	6.63054	-0.00151539	-0.000318232	0.00809301	-0.00502882	
6.60868	6.62595	-0.0172729	-0.00362732	0.00799225	-0.00297818	
6.58722	6.61039	-0.0231738	-0.0048665	0.00785707	-0.00111526	
6.56429	6.59105	-0.0267634	-0.00562032	0.00770095	-0.00067844	
6.54	6.57878	-0.0387807	-0.00814394	0.00747473	-0.00227126	
6.50125	6.56317	-0.0619192	-0.013003	0.00711354	-0.00437318	
6.47816	6.54596	-0.0677991	-0.0142378	0.00671804	-0.0011113	
6.44341	6.5182	-0.0747943	-0.0157068	0.00628174	-0.00132209	
6.41945	6.4946	-0.0751505	-0.0157816	0.00584336	-6.73213e-05	
6.4107	6.4788	-0.0681005	-0.0143011	0.00544611	0.00133246	
6.39201	6.44038	-0.0483732	-0.0101584	0.00516393	0.00372845	
6.38081	6.41245	-0.0316405	-0.00664451	0.00497936	0.00316248	
6.36166	6.39562	-0.0339637	-0.00713237	0.00478124	-0.000439075	
6.34648	6.36996	-0.0234766	-0.00493009	0.0046443	0.00198206	
6.33464	6.32921	0.00542545	0.00113935	0.00467594	0.00546249	
6.3319	6.32291	0.0089879	0.00188746	0.00472837	0.000673303	
6.32132	6.27791	0.0434079	0.00911566	0.00498159	0.00650538	
6.31333	6.2511	0.0622306	0.0130684	0.0053446	0.00355748	
6.30414	6.24248	0.0616627	0.0129492	0.0057043	-0.000107336	
6.29872	6.21213	0.0865884	0.0181836	0.0062094	0.00471096	
6.28524	6.18745	0.0977874	0.0205353	0.00677982	0.00211661	
6.28707	6.18574	0.101331	0.0212796	0.00737092	0.000669788	
6.28238	6.18188	0.1005	0.0211049	0.00795717	-0.000157173	
6.28066	6.17151	0.109146	0.0229207	0.00810185	0.00163419	
6.28043	6.16958	0.110851	0.0232788	0.00810185	0.000322277	
6.2742	6.16436	0.10984	0.0230665	0.00810185	-0.000191059	
6.27176	6.16451	0.107253	0.0225231	0.00810185	-0.000489003	
6.2692	6.16396	0.105245	0.0221014	0.00810185	-0.000379595	
6.27189	6.16645	0.105436	0.0221415	0.00810185	3.6139e-05	
6.26409	6.17359	0.0904951	0.019004	0.00810185	-0.0028238	
6.26947	6.17498	0.0944905	0.019843	0.00810185	0.000755134	
6.27306	6.17433	0.098732	0.0207337	0.00810185	0.000801637	
6.27759	6.18023	0.0973625	0.0204461	0.00810185	-0.000258831	
6.27517	6.1805	0.0946732	0.0198814	0.00810185	-0.000508289	
6.27823	6.18214	0.0960908	0.0201791	0.00810185	0.000267933	
6.28298	6.18855	0.0944319	0.0198307	0.00810185	-0.000313535	
6.28138	6.19328	0.0881023	0.0185015	0.00810185	-0.00119628	
6.28602	6.18881	0.097209	0.0204139	0.00810185	0.00172115	
6.28144	6.19188	0.0895605	0.0188077	0.00810185	-0.00144556	
6.27651	6.1946	0.0819135	0.0172018	0.00810185	-0.00144529	
6.26619	6.19827	0.0679245	0.0142641	0.00810185	-0.00264392	
6.25545	6.19606	0.0593915	0.0124722	0.00810185	-0.00161274	
6.23312	6.20039	0.0327296	0.00687322	0.00810185	-0.00503909	
6.22398	6.19843	0.0255485	0.00536518	0.00810185	-0.00135724	
6.20823	6.19525	0.0129805	0.0027259	0.00810185	-0.00237535	
6.19077	6.19171	-0.000935555	-0.000196466	0.00809639	-0.00263013	
6.15399	6.18292	-0.0289278	-0.00607484	0.00792765	-0.00529053	
6.13578	6.17735	-0.0415697	-0.00872964	0.00768516	-0.00238932	
6.11919	6.16006	-0.0408649	-0.00858164	0.00744678	0.000133201	
6.10085	6.14624	-0.0453877	-0.00953143	0.00718202	-0.000854809	
6.08935	6.13949	-0.0501437	-0.0105302	0.00688951	-0.000898879	
6.04768	6.11213	-0.0644464	-0.0135338	0.00651358	-0.00270322	
6.01156	6.09309	-0.0815344	-0.0171222	0.00603796	-0.00322962	
5.97921	6.08392	-0.104713	-0.0219897	0.00542713	-0.00438075	
5.93826	6.05346	-0.115202	-0.0241924	0.00475512	-0.00198242	
5.86333	6.03549	-0.17216	-0.0361536	0.00375085	-0.0107651	
5.83952	6.02789	-0.188368	-0.0395573	0.00265204	-0.00306334	
5.78205	5.97933	-0.197276	-0.041428	0.00150126	-0.00168357	
5.68921	5.96346	-0.274253	-0.0575932	-9.85503e-05	-0.0145487	
5.672	5.95277	-0.280772	-0.0589621	-0.00173639	-0.00123197	
5.60195	5.90956	-0.307611	-0.0645982	-0.00353078	-0.00507253	
5.52097	5.8883	-0.367332	-0.0771398	-0.00567355	-0.0112874	
5.50668	5.88131	-0.374635	-0.0786733	-0.00785892	-0.00138013	
5.4389	5.84093	-0.402032	-0.0844267	-0.00810185	-0.00517806	
5.35677	5.81352	-0.456748	-0.095917	-0.00810185	-0.0103413	
5.31018	5.78736	-0.477179	-0.100208	-0.00810185	-0.00386147	
5.21219	5.74566	-0.533471	-0.112029	-0.00810185	-0.0106393	
5.18968	5.73915	-0.549473	-0.115389	-0.00810185	-0.00302441	
5.1455	5.71715	-0.571655	-0.120048	-0.00810185	-0.00419231	
5.1041	5.67397	-0.569871	-0.119673	-0.00810185	0.000337147	
5.10485	5.65083	-0.54598	-0.114656	-0.00810185	0.0045153	
5.10468	5.63759	-0.532913	-0.111912	-0.00810185	0.0024698	
5.10203	5.60258	-0.500551	-0.105116	-0.00810185	0.00611632	
5.0799	5.57489	-0.494993	-0.103948	-0.00810185	0.00105055	
5.06748	5.55905	-0.491572	-0.10323	-0.00810185	0.000646447	
5.05064	5.51442	-0.463782	-0.0973942	-0.00810185	0.00525241	
5.04378	5.49804	-0.454264	-0.0953954	-0.00810185	0.00179893	
5.03168	5.46495	-0.433269	-0.0909864	-0.00810185	0.00396808	
5.0205	5.43811	-0.417606	-0.0876973	-0.00810185	0.00296015	
5.01334	5.42547	-0.412133	-0.086548	-0.00810185	0.00103442	
4.98561	5.38712	-0.401513	-0.0843178	-0.00810185	0.0020072	
4.96849	5.36442	-0.395926	-0.0831445	-0.00810185	0.00105596	
4.97326	5.33805	-0.364792	-0.0766064	-0.00810185	0.00588426	
4.94721	5.309	-0.361787	-0.0759753	-0.00810185	0.00056795	
4.92379	5.28389	-0.360101	-0.0756213	-0.00810185	0.000318672	
4.91157	5.26016	-0.348592	-0.0732043	-0.00810185	0.00217528	
4.88578	5.23525	-0.349475	-0.0733897	-0.00810185	-0.000166906	
4.87284	5.22285	-0.350005	-0.0735011	-0.00810185	-0.000100216	
4.86082	5.18837	-0.327555	-0.0687866	-0.00810185	0.00424304	
4.82919	5.15061	-0.321422	-0.0674985	-0.00810185	0.00115924	
4.81566	5.12941	-0.313751	-0.0658878	-0.00810185	0.00144971	
4.81217	5.11105	-0.298877	-0.0627642	-0.00810185	0.00281118	
4.78755	5.09048	-0.302926	-0.0636145	-0.00810185	-0.000765228	
4.777	5.05151	-0.274513	-0.0576478	-0.00810185	0.00537002	
4.76825	5.03262	-0.26437	-0.0555177	-0.00810185	0.00191708	
4.73986	5.00905	-0.269192	-0.0565304	-0.00810185	-0.000911406	
4.72784	4.9824	-0.25456	-0.0534575	-0.00810185	0.00276558	
4.71374	4.96784	-0.254105	-0.053362	-0.00810185	8.59766e-05	
4.70215	4.94948	-0.247329	-0.0519391	-0.00810185	0.00128055	
4.68512	4.91349	-0.228368	-0.0479572	-0.00810185	0.00358371	
4.67537	4.88821	-0.212841	-0.0446965	-0.00810185	0.00293465	
4.65808	4.87452	-0.216441	-0.0454525	-0.00810185	-0.000680423	
4.64541	4.83553	-0.190116	-0.0399244	-0.00810185	0.00497529	
4.62621	4.81508	-0.188866	-0.0396619	-0.00810185	0.0002363	
4.61985	4.8018	-0.181947	-0.0382089	-0.00810185	0.00130767	
4.5986	4.76075	-0.162152	-0.0340519	-0.00810185	0.00374133	
4.57493	4.74171	-0.16678	-0.0350237	-0.00810185	-0.000874636	
4.5699	4.73223	-0.162325	-0.0340883	-0.00810185	0.000841832	
4.55817	4.67145	-0.113279	-0.0237886	-0.00810185	0.00926979	
4.53449	4.64672	-0.112234	-0.0235692	-0.00810185	0.000197458	
4.52493	4.63668	-0.111748	-0.0234671	-0.00810185	9.18345e-05	
4.51559	4.57993	-0.0643439	-0.0135122	-0.00810185	0.00895941	
4.49253	4.53394	-0.0414052	-0.00869509	-0.00810185	0.00433542	
4.47958	4.51478	-0.0351987	-0.00739172	-0.00810185	0.00117303	
4.47546	4.48485	-0.00939178	-0.00197227	-0.00810185	0.0048775	
4.45265	4.44146	0.0111899	0.00234989	-0.00803658	0.00388995	
4.4362	4.40868	0.027524	0.00578004	-0.00787602	0.00308714	
4.43516	4.38351	0.0516472	0.0108459	-0.00757474	0.00455928	
4.41386	4.30198	0.11188	0.0234948	-0.00692211	0.011384	
4.41386	4.30198	0.11188	0.0234948	-0.00626948	0	
4.41386	4.30198	0.11188	0.0234948	-0.00561685	0	
4.41386	4.30198	0.11188	0.0234948	-0.00496422	0	
