5.1316	0.419415	4.71218	0.989559	0.00810185	0.890603	
5.13334	0.442069	4.69127	0.985167	0.00810185	-0.00395276	
5.13334	0.485281	4.64806	0.976092	0.00810185	-0.00816715	
5.13334	0.532745	4.60059	0.966125	0.00810185	-0.00897059	
5.13334	0.606555	4.52678	0.950625	0.00810185	-0.0139501	
5.13334	0.74783	4.38551	0.920957	0.00810185	-0.0267011	
5.14007	0.936562	4.20351	0.882737	0.00810185	-0.0343984	
5.14757	1.13487	4.0127	0.842668	0.00810185	-0.0360621	
5.14997	1.31023	3.83974	0.806345	0.00810185	-0.0326907	
5.1528	1.55982	3.59298	0.754526	0.00810185	-0.046637	
5.16519	1.89088	3.27431	0.687604	0.00810185	-0.0602292	
5.17123	2.12331	3.04792	0.640063	0.00810185	-0.0427873	
5.17123	2.42141	2.74982	0.577462	0.00810185	-0.056341	
5.18544	2.78113	2.40431	0.504905	0.00810185	-0.0653016	
5.19845	3.0243	2.17415	0.456571	0.00810185	-0.0434997	
5.21018	3.26293	1.94725	0.408922	0.00810185	-0.0428846	
5.22257	3.68235	1.54022	0.323446	0.00810185	-0.0769282	
5.24547	3.91196	1.33351	0.280037	0.00810185	-0.0390682	
5.26597	4.14231	1.12366	0.235969	0.00810185	-0.0396615	
5.26597	4.51702	0.748954	0.15728	0.00810185	-0.0708195	
5.29174	4.73203	0.559713	0.11754	0.00810185	-0.0357666	
5.32007	4.92299	0.397085	0.0833878	0.00810185	-0.0307367	
5.33629	5.13669	0.1996	0.0419159	0.00810185	-0.0373247	
5.37919	5.34842	0.0307655	0.00646076	0.00810185	-0.0319097	
5.40684	5.4554	-0.0485563	-0.0101968	0.00781861	-0.0149918	
5.43467	5.56311	-0.128443	-0.0269731	0.00706935	-0.0150986	
5.48941	5.59647	-0.107056	-0.0224817	0.00644486	0.00404225	
5.52648	5.61788	-0.0914011	-0.0191942	0.00591169	0.00295871	
5.55644	5.64211	-0.0856676	-0.0179902	0.00541196	0.00108363	
5.57546	5.65273	-0.0772676	-0.0162262	0.00496123	0.00158759	
5.59418	5.66614	-0.0719624	-0.0151121	0.00454145	0.0010027	
5.63395	5.65904	-0.0250907	-0.00526905	0.00439509	0.00885874	
5.63819	5.64622	-0.00803089	-0.00168649	0.00434824	0.0032243	
5.67877	5.63975	0.0390196	0.00819411	0.00457586	0.00889254	
5.70308	5.62483	0.0782499	0.0164325	0.00503232	0.00741454	
5.70718	5.61121	0.0959654	0.0201527	0.00559211	0.00334822	
5.7412	5.59831	0.142892	0.0300074	0.00642565	0.0088692	
5.75696	5.5881	0.168861	0.0354608	0.00741068	0.00490806	
5.77086	5.58443	0.186434	0.0391511	0.00810185	0.00332127	
5.79288	5.58502	0.207864	0.0436515	0.00810185	0.00405036	
5.80609	5.60527	0.200822	0.0421726	0.00810185	-0.00133102	
5.81435	5.61655	0.197801	0.0415382	0.00810185	-0.000570924	
5.83612	5.63144	0.204676	0.042982	0.00810185	0.00129938	
5.85055	5.64724	0.203312	0.0426955	0.00810185	-0.00025784	
5.86229	5.67387	0.188416	0.0395674	0.00810185	-0.00281533	
5.87345	5.69634	0.177113	0.0371937	0.00810185	-0.00213626	
5.88518	5.71107	0.174106	0.0365622	0.00810185	-0.000568401	
5.88927	5.71986	0.169411	0.0355762	0.00810185	-0.000887343	
5.89975	5.74658	0.153168	0.0321653	0.00810185	-0.00306983	
5.904	5.7663	0.137699	0.0289168	0.00810185	-0.00292365	
5.91001	5.77753	0.132476	0.0278199	0.00810185	-0.000987199	
5.91395	5.81257	0.101384	0.0212907	0.00810185	-0.00587633	
5.92577	5.82261	0.10316	0.0216636	0.00810185	0.000335615	
5.92652	5.84318	0.0833359	0.0175005	0.00810185	-0.00374674	
5.941	5.84626	0.0947385	0.0198951	0.00810185	0.00215509	
5.94167	5.85662	0.085053	0.0178611	0.00810185	-0.00183056	
5.95291	5.86713	0.0857811	0.018014	0.00810185	0.000137617	
5.9573	5.87172	0.0855794	0.0179717	0.00810185	-3.81217e-05	
5.96182	5.87762	0.0841956	0.0176811	0.00810185	-0.000261535	
5.97081	5.88281	0.0880003	0.0184801	0.00810185	0.000719085	
5.97491	5.90571	0.0691991	0.0145318	0.00810185	-0.00355343	
5.98703	5.90773	0.0793023	0.0166535	0.00810185	0.00190951	
5.98554	5.90887	0.0766687	0.0161004	0.00810185	-0.000497745	
5.98586	5.91636	0.0694957	0.0145941	0.00810185	-0.00135571	
5.98285	5.9195	0.0633492	0.0133033	0.00810185	-0.00116168	
5.98128	5.92058	0.0607047	0.012748	0.00810185	-0.000499818	
5.9808	5.92363	0.0571709	0.0120059	0.00810185	-0.000667896	
5.98253	5.92211	0.0604224	0.0126887	0.00810185	0.000614543	
5.98351	5.91873	0.0647759	0.0136029	0.00810185	0.000822816	
5.97936	5.91864	0.0607209	0.0127514	0.00810185	-0.000766399	
5.9677	5.91604	0.0516558	0.0108477	0.00810185	-0.00171331	
5.96228	5.92907	0.0332093	0.00697396	0.00810185	-0.00348638	
5.95419	5.92789	0.0263019	0.00552339	0.00810185	-0.00130551	
5.95353	5.92507	0.028461	0.00597681	0.00810185	0.000408073	
5.94955	5.9128	0.0367475	0.00771697	0.00810185	0.00156614	
5.94899	5.89467	0.0543165	0.0114065	0.00810185	0.00332055	
5.93139	5.89101	0.0403795	0.0084797	0.00810185	-0.00263409	
5.922	5.89341	0.0285892	0.00600374	0.00810185	-0.00222836	
5.91857	5.88219	0.0363827	0.00764036	0.00810185	0.00147296	
5.90473	5.87612	0.0286078	0.00600765	0.00810185	-0.00146944	
5.89945	5.86572	0.0337324	0.00708381	0.00810185	0.000968544	
5.89434	5.86592	0.0284214	0.00596849	0.00810185	-0.00100378	
5.86211	5.85615	0.00596237	0.0012521	0.00810185	-0.00424476	
5.86474	5.84878	0.0159612	0.00335185	0.00810185	0.00188977	
5.8416	5.84314	-0.00153923	-0.000323238	0.00809287	-0.00330758	
5.82884	5.82827	0.000568867	0.000119462	0.00809619	0.00039843	
5.82062	5.8184	0.0022192	0.000466032	0.00810185	0.000311913	
5.8146	5.7992	0.015398	0.00323359	0.00810185	0.0024908	
5.79335	5.79052	0.00282526	0.000593305	0.00810185	-0.00237625	
5.78536	5.77892	0.00643969	0.00135233	0.00810185	0.000683126	
5.77473	5.77014	0.00459194	0.000964308	0.00810185	-0.000349224	
5.76107	5.76005	0.00102377	0.000214992	0.00810185	-0.000674385	
5.76119	5.75462	0.00656652	0.00137897	0.00810185	0.00104758	
5.75734	5.73911	0.0182266	0.00382759	0.00810185	0.00220376	
5.75524	5.72469	0.0305538	0.0064163	0.00810185	0.00232984	
5.75947	5.71818	0.0412917	0.00867126	0.00810185	0.00202946	
5.76145	5.70462	0.0568295	0.0119342	0.00810185	0.00293663	
5.75845	5.69194	0.066514	0.0139679	0.00810185	0.00183038	
5.7638	5.68684	0.0769644	0.0161625	0.00810185	0.00197512	
5.76032	5.67935	0.0809722	0.0170042	0.00810185	0.000757477	
5.75797	5.67578	0.0821924	0.0172604	0.00810185	0.000230623	
5.76176	5.67866	0.0831003	0.0174511	0.00810185	0.000171593	
5.76521	5.68178	0.0834289	0.0175201	0.00810185	6.20942e-05	
5.7733	5.68125	0.0920515	0.0193308	0.00810185	0.00162968	
5.77547	5.68165	0.0938201	0.0197022	0.00810185	0.000334263	
5.7815	5.68172	0.0997796	0.0209537	0.00810185	0.00112635	
5.79352	5.68377	0.109746	0.0230467	0.00810185	0.00188364	
5.79493	5.68736	0.107574	0.0225904	0.00810185	-0.000410597	
5.79709	5.69498	0.102112	0.0214435	0.00810185	-0.00103226	
5.80466	5.69817	0.106491	0.0223631	0.00810185	0.000827682	
5.80973	5.70213	0.107601	0.0225962	0.00810185	0.000209805	
5.81385	5.71942	0.0944343	0.0198312	0.00810185	-0.00248854	
5.82259	5.72379	0.0987992	0.0207478	0.00810185	0.000824979	
5.82799	5.72892	0.099072	0.0208051	0.00810185	5.15499e-05	
5.83507	5.7374	0.0976729	0.0205113	0.00810185	-0.000264419	
5.8445	5.74489	0.0996113	0.0209184	0.00810185	0.000366347	
5.84821	5.74875	0.0994577	0.0208861	0.00810185	-2.90194e-05	
5.85338	5.75656	0.096818	0.0203318	0.00810185	-0.000498917	
5.86055	5.76346	0.0970883	0.0203885	0.00810185	5.10993e-05	
5.8683	5.77098	0.0973225	0.0204377	0.00810185	4.425e-05	
5.86626	5.77625	0.0900054	0.0189011	0.00810185	-0.00138293	
5.86927	5.78688	0.0823908	0.0173021	0.00810185	-0.00143916	
5.88042	5.78955	0.090868	0.0190823	0.00810185	0.00160219	
5.88518	5.79624	0.0889425	0.0186779	0.00810185	-0.000363914	
5.88733	5.8006	0.0867295	0.0182132	0.00810185	-0.000418257	
5.89376	5.80581	0.0879545	0.0184704	0.00810185	0.000231524	
5.90029	5.80961	0.0906825	0.0190433	0.00810185	0.000515589	
5.89822	5.82248	0.0757389	0.0159052	0.00810185	-0.00282434	
5.90769	5.82333	0.0843639	0.0177164	0.00810185	0.00163013	
5.9182	5.82874	0.089457	0.018786	0.00810185	0.000962595	
5.9126	5.8308	0.0817986	0.0171777	0.00810185	-0.00144745	
5.91563	5.8339	0.0817256	0.0171624	0.00810185	-1.37887e-05	
5.91428	5.83715	0.0771265	0.0161966	0.00810185	-0.000869229	
5.91638	5.84707	0.0693135	0.0145558	0.00810185	-0.00147665	
5.92395	5.84717	0.0767832	0.0161245	0.00810185	0.00141176	
5.92888	5.85433	0.0745502	0.0156555	0.00810185	-0.000422042	
5.93189	5.85948	0.0724068	0.0152054	0.00810185	-0.000405099	
5.93566	5.86748	0.0681787	0.0143175	0.00810185	-0.000799114	
5.9414	5.86924	0.0721636	0.0151544	0.00810185	0.000753151	
5.94796	5.87942	0.0685444	0.0143943	0.00810185	-0.000684028	
5.94946	5.87068	0.0787764	0.016543	0.00810185	0.00193384	
5.95985	5.8734	0.086452	0.0181549	0.00810185	0.0014507	
5.96393	5.87695	0.0869827	0.0182664	0.00810185	0.000100306	
5.9672	5.88189	0.0853057	0.0179142	0.00810185	-0.00031696	
5.98083	5.88562	0.0952091	0.0199939	0.00810185	0.00187175	
5.98051	5.89021	0.0903039	0.0189638	0.00810185	-0.000927087	
5.98244	5.8979	0.0845385	0.0177531	0.00810185	-0.00108967	
5.988	5.90122	0.0867777	0.0182233	0.00810185	0.000423214	
5.99582	5.90607	0.0897493	0.0188474	0.00810185	0.000561642	
5.99253	5.91754	0.0749898	0.0157479	0.00810185	-0.00278955	
5.99786	5.90986	0.0880022	0.0184805	0.00810185	0.00245935	
6.00478	5.9103	0.0944796	0.0198407	0.00810185	0.00122422	
6.0079	5.91504	0.0928617	0.0195009	0.00810185	-0.000305785	
6.00758	5.91757	0.0900126	0.0189026	0.00810185	-0.00053848	
6.0137	5.92367	0.0900331	0.0189069	0.00810185	3.87526e-06	
6.01789	5.92552	0.09237	0.0193977	0.00810185	0.000441689	
6.02352	5.93079	0.09273	0.0194733	0.00810185	6.80423e-05	
6.02374	5.93555	0.0881853	0.0185189	0.00810185	-0.000858955	
6.02626	5.93655	0.0897145	0.0188401	0.00810185	0.000289022	
6.03239	5.94066	0.0917296	0.0192632	0.00810185	0.000380857	
6.03303	5.94295	0.0900803	0.0189169	0.00810185	-0.000311733	
6.03495	5.94071	0.0942392	0.0197902	0.00810185	0.000786046	
6.04424	5.94003	0.104213	0.0218847	0.00810185	0.001885	
6.04532	5.94672	0.0986032	0.0207067	0.00810185	-0.0010602	
6.0443	5.95272	0.0915775	0.0192313	0.00810185	-0.00132786	
6.04845	5.95628	0.0921688	0.0193554	0.00810185	0.000111752	
6.05459	5.96526	0.0893288	0.018759	0.00810185	-0.000536768	
6.05853	5.96721	0.0913186	0.0191769	0.00810185	0.00037608	
6.0614	5.96579	0.0956068	0.0200774	0.00810185	0.000810469	
6.06227	5.96733	0.0949421	0.0199378	0.00810185	-0.00012563	
6.06276	5.98034	0.082418	0.0173078	0.00810185	-0.00236706	
6.07006	5.97491	0.0951529	0.0199821	0.00810185	0.00240689	
6.07312	5.97858	0.0945449	0.0198544	0.00810185	-0.000114906	
6.07345	5.98201	0.0914421	0.0192028	0.00810185	-0.000586425	
6.07741	5.98498	0.092432	0.0194107	0.00810185	0.000187094	
6.09067	5.99013	0.10054	0.0211134	0.00810185	0.00153244	
6.08714	5.99288	0.0942612	0.0197948	0.00810185	-0.00118673	
6.09074	5.99811	0.0926332	0.019453	0.00810185	-0.000307677	
6.08022	6.00674	0.0734825	0.0154313	0.00810185	-0.00361949	
6.10196	6.00502	0.09694	0.0203574	0.00810185	0.00443347	
6.1153	6.00285	0.112449	0.0236142	0.00810185	0.00293114	
6.10706	6.00524	0.10182	0.0213821	0.00810185	-0.00200891	
6.10881	6.00471	0.104102	0.0218614	0.00810185	0.000431415	
6.11407	6.00712	0.10695	0.0224595	0.00810185	0.00053821	
6.11555	6.01574	0.0998135	0.0209608	0.00810185	-0.00134877	
6.12725	6.0167	0.11055	0.0232156	0.00810185	0.00202928	
6.12859	6.02192	0.106665	0.0223997	0.00810185	-0.000734316	
6.12749	6.02851	0.0989819	0.0207862	0.00810185	-0.00145214	
6.14014	6.03283	0.107314	0.0225359	0.00810185	0.00157471	
6.1444	6.04242	0.101978	0.0214153	0.00810185	-0.00100847	
6.14665	6.0387	0.107953	0.0226701	0.00810185	0.00112932	
6.15195	6.04091	0.111043	0.0233191	0.00810185	0.000584082	
6.15891	6.0435	0.115407	0.0242354	0.00810185	0.000824618	
6.15746	6.04787	0.109587	0.0230133	0.00810185	-0.00109985	
6.16193	6.05849	0.103437	0.0217218	0.00810185	-0.0011624	
6.16392	6.06294	0.100977	0.0212053	0.00810185	-0.00046485	
6.16875	6.07499	0.0937624	0.0196901	0.00810185	-0.00136364	
6.17824	6.08257	0.0956707	0.0200908	0.00810185	0.000360669	
6.18259	6.08881	0.0937753	0.0196928	0.00810185	-0.000358236	
6.19086	6.09597	0.0948858	0.019926	0.00810185	0.000209895	
6.19581	6.08838	0.107427	0.0225597	0.00810185	0.0023703	
6.19845	6.09244	0.106011	0.0222624	0.00810185	-0.000267573	
6.20241	6.101	0.101415	0.0212971	0.00810185	-0.000868778	
6.20913	6.10638	0.102751	0.0215778	0.00810185	0.000252613	
6.21627	6.11313	0.103137	0.0216588	0.00810185	7.29089e-05	
6.2203	6.12712	0.0931764	0.019567	0.00810185	-0.00188256	
6.23377	6.13344	0.10033	0.0210694	0.00810185	0.0013521	
6.23645	6.13393	0.102524	0.0215301	0.00810185	0.000414652	
6.23823	6.15164	0.0865912	0.0181842	0.00810185	-0.00301134	
6.25305	6.16119	0.0918608	0.0192908	0.00810185	0.000995941	
6.2589	6.16707	0.0918312	0.0192846	0.00810185	-5.58758e-06	
6.2661	6.16044	0.10566	0.0221887	0.00810185	0.00261372	
6.27594	6.17639	0.0995541	0.0209064	0.00810185	-0.00115411	
6.2827	6.18333	0.0993719	0.0208681	0.00810185	-3.44267e-05	
6.29445	6.19045	0.103996	0.0218392	0.00810185	0.000874005	
6.29987	6.20138	0.0984931	0.0206835	0.00810185	-0.0010401	
6.30385	6.21007	0.0937772	0.0196932	0.00810185	-0.000891309	
6.31009	6.22688	0.0832138	0.0174749	0.00810185	-0.00199648	
6.32636	6.2365	0.0898638	0.0188714	0.00810185	0.00125684	
6.33778	6.23903	0.0987544	0.0207384	0.00810185	0.00168033	
6.33581	6.24323	0.0925794	0.0194417	0.00810185	-0.00116708	
6.33695	6.24628	0.0906739	0.0190415	0.00810185	-0.000360128	
6.337	6.25036	0.0866427	0.018195	0.00810185	-0.000761893	
6.32683	6.26532	0.0615091	0.0129169	0.00810185	-0.00475025	
6.32324	6.26926	0.0539775	0.0113353	0.00810185	-0.00142348	
6.32021	6.27606	0.0441518	0.00927187	0.00810185	-0.00185706	
6.31976	6.2813	0.0384641	0.00807745	0.00810185	-0.00107498	
6.30926	6.28473	0.0245328	0.00515189	0.00810185	-0.00263301	
6.30553	6.2852	0.0203304	0.00426939	0.00810185	-0.000794247	
6.29927	6.28596	0.0133104	0.00279519	0.00810185	-0.00132678	
6.28793	6.27106	0.0168657	0.0035418	0.00810185	0.000671951	
6.28318	6.26598	0.0171986	0.0036117	0.00810185	6.29053e-05	
6.27606	6.26368	0.0123816	0.00260013	0.00810185	-0.000910415	
6.2708	6.25754	0.0132589	0.00278438	0.00810185	0.000165825	
6.26148	6.25369	0.00778675	0.00163522	0.00810185	-0.00103424	
6.24918	6.24055	0.00863266	0.00181286	0.00810185	0.000159877	
6.24262	6.23693	0.00569439	0.00119582	0.00810185	-0.000555333	
6.23785	6.21543	0.0224214	0.00470849	0.00810185	0.0031614	
6.23374	6.21337	0.0203686	0.0042774	0.00810185	-0.000387976	
6.22701	6.20706	0.0199523	0.00418998	0.00810185	-7.86767e-05	
6.22306	6.18973	0.0333295	0.00699919	0.00810185	0.00252829	
6.22339	6.17013	0.053256	0.0111838	0.00810185	0.00376612	
6.21913	6.16397	0.0551558	0.0115827	0.00810185	0.000359047	
6.21589	6.14875	0.0671363	0.0140986	0.00810185	0.00226432	
6.21019	6.14046	0.0697298	0.0146433	0.00810185	0.000490175	
6.21214	6.13424	0.0778966	0.0163583	0.00810185	0.00154352	
6.21197	6.12847	0.0835009	0.0175352	0.00810185	0.00105921	
6.21117	6.12699	0.0841842	0.0176787	0.00810185	0.000129145	
6.21189	6.12549	0.0864	0.018144	0.00810185	0.000418798	
6.21409	6.12349	0.0906048	0.019027	0.00810185	0.000794698	
6.21425	6.12348	0.0907741	0.0190626	0.00810185	3.19934e-05	
6.21389	6.11374	0.100147	0.0210309	0.00810185	0.00177153	
6.21434	6.11398	0.100356	0.0210748	0.00810185	3.94735e-05	
6.21714	6.12465	0.0924897	0.0194228	0.00810185	-0.00148675	
6.21895	6.12462	0.0943279	0.0198089	0.00810185	0.000347421	
6.22336	6.12829	0.0950704	0.0199648	0.00810185	0.00014032	
6.23295	6.13197	0.100976	0.021205	0.00810185	0.00111616	
6.2328	6.13166	0.10114	0.0212395	0.00810185	3.10922e-05	
6.2415	6.13201	0.109491	0.0229931	0.00810185	0.00157822	
6.23889	6.14457	0.0943213	0.0198075	0.00810185	-0.00286706	
6.24512	6.14626	0.0988574	0.0207601	0.00810185	0.000857333	
6.24212	6.1452	0.0969181	0.0203528	0.00810185	-0.000366527	
6.25419	6.15116	0.103028	0.0216358	0.00810185	0.00115474	
6.26239	6.15258	0.10981	0.0230601	0.00810185	0.00128181	
6.26457	6.15816	0.106408	0.0223457	0.00810185	-0.000642932	
6.27455	6.15828	0.116271	0.024417	0.00810185	0.00186418	
6.28006	6.16469	0.115373	0.0242283	0.00810185	-0.00016988	
6.28148	6.17262	0.108862	0.0228611	0.00810185	-0.00123044	
6.28881	6.17984	0.108965	0.0228826	0.00810185	1.93763e-05	
6.29949	6.18486	0.11463	0.0240722	0.00810185	0.00107065	
6.30444	6.18881	0.115629	0.0242821	0.00810185	0.000188896	
6.31076	6.18804	0.12272	0.0257712	0.00810185	0.00134012	
6.31674	6.20267	0.114069	0.0239546	0.00810185	-0.00163491	
6.32871	6.20585	0.122859	0.0258004	0.00810185	0.00166122	
6.33011	6.21247	0.117642	0.0247048	0.00810185	-0.000986027	
6.33387	6.22444	0.109434	0.0229812	0.00810185	-0.00155127	
6.34341	6.23071	0.112702	0.0236674	0.00810185	0.000617608	
6.35762	6.23688	0.120745	0.0253564	0.00810185	0.00152009	
6.36783	6.2471	0.120733	0.0253539	0.00810185	-2.25306e-06	
6.37271	6.25238	0.120333	0.0252699	0.00810185	-7.56125e-05	
6.38137	6.25856	0.122805	0.0257891	0.00810185	0.000467284	
6.39399	6.26406	0.12993	0.0272853	0.00810185	0.00134661	
6.40366	6.27725	0.126411	0.0265464	0.00810185	-0.000665012	
6.42327	6.2837	0.139571	0.0293098	0.00810185	0.0024871	
6.43414	6.28803	0.146109	0.0306829	0.00810185	0.00123576	
6.44743	6.29986	0.147566	0.0309889	0.00810185	0.000275414	
6.45488	6.30399	0.150894	0.0316878	0.00810185	0.000628963	
6.45728	6.3305	0.126781	0.0266239	0.00810185	-0.00455748	
6.47473	6.33782	0.13691	0.0287511	0.00810185	0.00191447	
6.48468	6.34374	0.140939	0.0295971	0.00810185	0.000761443	
6.4995	6.36044	0.139061	0.0292028	0.00810185	-0.000354901	
6.51272	6.36633	0.146394	0.0307427	0.00810185	0.0013859	
6.51419	6.37182	0.142373	0.0298982	0.00810185	-0.000760001	
6.52539	6.38872	0.136667	0.0287	0.00810185	-0.0010784	
6.53421	6.40237	0.13184	0.0276864	0.00810185	-0.000912217	
6.54228	6.40538	0.136899	0.0287487	0.00810185	0.000956017	
6.55191	6.41513	0.136776	0.0287231	0.00810185	-2.30713e-05	
6.56264	6.42964	0.133005	0.0279311	0.00810185	-0.000712777	
6.56686	6.43525	0.131611	0.0276384	0.00810185	-0.000263427	
6.57369	6.44392	0.129767	0.0272511	0.00810185	-0.000348593	
6.58005	6.45379	0.126259	0.0265145	0.00810185	-0.000662939	
6.59081	6.46819	0.122624	0.0257511	0.00810185	-0.000687002	
6.6027	6.47048	0.132218	0.0277659	0.00810185	0.00181326	
6.61281	6.47529	0.137519	0.028879	0.00810185	0.0010018	
6.61526	6.48772	0.127541	0.0267836	0.00810185	-0.00188581	
6.62835	6.49325	0.135098	0.0283707	0.00810185	0.00142835	
6.62892	6.50416	0.124756	0.0261988	0.00810185	-0.00195466	
6.63574	6.52266	0.113078	0.0237464	0.00810185	-0.00220718	
6.65423	6.52458	0.129652	0.0272268	0.00810185	0.00313238	
6.65579	6.53339	0.122399	0.0257039	0.00810185	-0.00137067	
6.66835	6.54545	0.122896	0.0258082	0.00810185	9.39074e-05	
6.67619	6.55661	0.119581	0.0251121	0.00810185	-0.00062653	
6.68952	6.56387	0.125652	0.026387	0.00810185	0.00114744	
6.69913	6.57637	0.122762	0.0257801	0.00810185	-0.000546231	
6.70955	6.58834	0.121213	0.0254548	0.00810185	-0.000292717	
6.71074	6.59638	0.114364	0.0240164	0.00810185	-0.00129461	
6.72131	6.59482	0.126485	0.0265619	0.00810185	0.002291	
6.73269	6.60972	0.122974	0.0258245	0.00810185	-0.00066366	
6.73524	6.61736	0.11788	0.0247549	0.00810185	-0.000962686	
6.73999	6.62736	0.112634	0.0236532	0.00810185	-0.000991525	
6.7545	6.64108	0.113419	0.023818	0.00810185	0.000148341	
6.76803	6.64168	0.126351	0.0265337	0.00810185	0.00244411	
6.77628	6.64584	0.130438	0.027392	0.00810185	0.000772528	
6.78005	6.64461	0.135438	0.0284421	0.00810185	0.000945022	
6.78201	6.6503	0.131712	0.0276595	0.00810185	-0.000704305	
6.77018	6.66149	0.108687	0.0228244	0.00810185	-0.00435164	
6.78507	6.67785	0.107222	0.0225166	0.00810185	-0.000276946	
6.79957	6.68747	0.112097	0.0235403	0.00810185	0.000921319	
6.81511	6.69502	0.12009	0.0252189	0.00810185	0.00151072	
6.81808	6.69111	0.126974	0.0266646	0.00810185	0.00130109	
6.82231	6.69276	0.129547	0.0272049	0.00810185	0.0004863	
6.81157	6.69347	0.118099	0.0248007	0.00810185	-0.00216374	
6.80202	6.70831	0.0937066	0.0196784	0.00810185	-0.00461011	
6.80776	6.71357	0.0941906	0.01978	0.00810185	9.14741e-05	
6.80228	6.72082	0.0814581	0.0171062	0.00810185	-0.00240644	
6.81067	6.73121	0.0794597	0.0166865	0.00810185	-0.000377702	
6.80731	6.73789	0.0694184	0.0145779	0.00810185	-0.00189779	
6.81157	6.74059	0.0709801	0.0149058	0.00810185	0.00029515	
6.81803	6.73944	0.0785856	0.016503	0.00810185	0.00143745	
6.82332	6.73353	0.0897918	0.0188563	0.00810185	0.00211796	
6.81937	6.72683	0.0925407	0.0194336	0.00810185	0.000519555	
6.80406	6.72758	0.0764837	0.0160616	0.00810185	-0.00303478	
6.78934	6.73974	0.0496025	0.0104165	0.00810185	-0.00508055	
6.81072	6.73711	0.0736065	0.0154574	0.00810185	0.00453675	
6.82465	6.73833	0.0863156	0.0181263	0.00810185	0.00240203	
6.81925	6.73796	0.0812864	0.0170702	0.00810185	-0.000950519	
6.79548	6.73936	0.0561209	0.0117854	0.00810185	-0.00475629	
6.78387	6.73959	0.0442839	0.00929961	0.00810185	-0.00223719	
6.76738	6.74824	0.0191355	0.00401845	0.00810185	-0.00475305	
6.74957	6.75177	-0.00219965	-0.000461926	0.00808902	-0.00403234	
6.73095	6.74701	-0.0160651	-0.00337368	0.00799531	-0.00262057	
6.71561	6.73424	-0.0186305	-0.00391241	0.00788663	-0.000484858	
6.6705	6.72052	-0.0500154	-0.0105032	0.00759487	-0.00593175	
6.65071	6.7176	-0.066885	-0.0140458	0.00720471	-0.00318834	
6.64367	6.69336	-0.0496936	-0.0104357	0.00691483	0.00324918	
6.62167	6.67196	-0.0502882	-0.0105605	0.00662148	-0.000112382	
6.60715	6.66329	-0.0561438	-0.0117902	0.00629398	-0.0011067	
6.59499	6.64835	-0.0533624	-0.0112061	0.0059827	0.000525683	
6.57362	6.609	-0.0353789	-0.00742958	0.00577632	0.00339887	
6.56755	6.59747	-0.0299153	-0.00628222	0.00560181	0.00103262	
6.56264	6.5621	0.000536919	0.000112753	0.00560495	0.00575548	
6.54636	6.52643	0.0199261	0.00418447	0.00572118	0.00366455	
6.53969	6.51193	0.0277624	0.00583011	0.00588313	0.00148107	
6.53204	6.47858	0.0534596	0.0112265	0.00619498	0.00485678	
6.53225	6.43875	0.0935035	0.0196357	0.00674041	0.00756828	
6.51264	6.41895	0.0936913	0.0196752	0.00728695	3.55082e-05	
6.49909	6.385	0.114086	0.023958	0.00795245	0.00385453	
6.48596	6.37696	0.108998	0.0228896	0.00810185	-0.000961514	
6.4844	6.37342	0.110979	0.0233055	0.00810185	0.000374278	
6.48792	6.37208	0.115843	0.0243271	0.00810185	0.000919427	
6.49167	6.35601	0.135656	0.0284877	0.00810185	0.00374458	
6.49125	6.34601	0.145243	0.030501	0.00810185	0.00181191	
6.48635	6.34029	0.146062	0.0306731	0.00810185	0.00015492	
6.47267	6.34167	0.130996	0.0275091	0.00810185	-0.00284759	
6.46422	6.35054	0.113681	0.023873	0.00810185	-0.00327252	
6.45613	6.35695	0.0991821	0.0208282	0.00810185	-0.00274026	
6.45839	6.36228	0.0961108	0.0201833	0.00810185	-0.000580477	
6.45372	6.39306	0.0606608	0.0127388	0.00810185	-0.00670005	
6.45256	6.38703	0.0655336	0.0137621	0.00810185	0.000920959	
6.46665	6.38591	0.08074	0.0169554	0.00810185	0.002874	
6.46045	6.37659	0.0838566	0.0176099	0.00810185	0.000589039	
6.44888	6.37987	0.0690088	0.0144919	0.00810185	-0.00280623	
6.45029	6.38259	0.067699	0.0142168	0.00810185	-0.000247566	
6.4393	6.39329	0.0460057	0.0096612	0.00810185	-0.00410002	
6.4542	6.3925	0.0617013	0.0129573	0.00810185	0.00296646	
6.44928	6.39419	0.0550942	0.0115698	0.00810185	-0.00124873	
6.45324	6.38382	0.0694232	0.0145789	0.00810185	0.00270817	
6.44334	6.38191	0.0614276	0.0128998	0.00810185	-0.00151117	
6.4345	6.38038	0.054122	0.0113656	0.00810185	-0.00138076	
6.44175	6.37664	0.0651078	0.0136726	0.00810185	0.00207633	
6.4358	6.36509	0.0707102	0.0148491	0.00810185	0.00105885	
6.4329	6.36262	0.0702758	0.0147579	0.00810185	-8.21013e-05	
6.43095	6.35525	0.0756979	0.0158966	0.00810185	0.00102478	
6.42019	6.3496	0.0705867	0.0148232	0.00810185	-0.00096602	
6.41515	6.34641	0.0687442	0.0144363	0.00810185	-0.000348232	
6.41128	6.34303	0.0682526	0.014333	0.00810185	-9.2916e-05	
6.40307	6.33695	0.066124	0.013886	0.00810185	-0.000402306	
6.40227	6.33344	0.0688257	0.0144534	0.00810185	0.000510633	
6.39938	6.3224	0.0769849	0.0161668	0.00810185	0.00154208	
6.3925	6.3157	0.0768037	0.0161288	0.00810185	-3.42464e-05	
6.38597	6.31263	0.0733361	0.0154006	0.00810185	-0.000655369	
6.37645	6.3063	0.0701509	0.0147317	0.00810185	-0.000602016	
6.3759	6.29603	0.079865	0.0167716	0.00810185	0.00183597	
6.36563	6.29352	0.0721116	0.0151434	0.00810185	-0.00146539	
6.35962	6.28838	0.071239	0.0149602	0.00810185	-0.000164924	
6.35859	6.2822	0.0763931	0.0160426	0.00810185	0.000974131	
6.35715	6.27822	0.078927	0.0165747	0.00810185	0.000478909	
6.35097	6.27178	0.0791945	0.0166309	0.00810185	5.05586e-05	
6.34882	6.26766	0.0811605	0.0170437	0.00810185	0.000371574	
6.34847	6.2646	0.0838714	0.017613	0.00810185	0.000512345	
6.34507	6.25717	0.0878997	0.0184589	0.00810185	0.000761353	
6.34337	6.25189	0.0914798	0.0192108	0.00810185	0.000676638	
6.34492	6.25065	0.0942693	0.0197965	0.00810185	0.000527215	
6.34492	6.25102	0.0939045	0.0197199	0.00810185	-6.89435e-05	
6.34633	6.25076	0.0955663	0.0200689	0.00810185	0.000314076	
6.34615	6.24617	0.0999784	0.0209955	0.00810185	0.000833901	
6.34051	6.24439	0.0961227	0.0201858	0.00810185	-0.000728728	
6.34212	6.24555	0.0965676	0.0202792	0.00810185	8.4084e-05	
6.33952	6.24592	0.0936027	0.0196566	0.00810185	-0.00056038	
6.33961	6.24272	0.0968938	0.0203477	0.00810185	0.000622024	
6.34007	6.2523	0.0877724	0.0184322	0.00810185	-0.00172395	
6.34279	6.23903	0.103755	0.0217886	0.00810185	0.00302081	
6.34665	6.24235	0.1043	0.021903	0.00810185	0.00010292	
6.3496	6.24462	0.104982	0.0220463	0.00810185	0.000128965	
6.35654	6.2432	0.113336	0.0238006	0.00810185	0.00157885	
6.3504	6.24105	0.109346	0.0229626	0.00810185	-0.000754143	
6.35662	6.24474	0.111878	0.0234945	0.00810185	0.000478639	
6.37524	6.24732	0.12792	0.0268631	0.00810185	0.0030318	
6.36117	6.25223	0.108935	0.0228764	0.00810185	-0.00358804	
6.37235	6.25905	0.113296	0.0237921	0.00810185	0.000824078	
6.39158	6.25918	0.132395	0.027803	0.00810185	0.00360985	
6.38943	6.26012	0.129313	0.0271558	0.00810185	-0.00058246	
6.39585	6.2654	0.130448	0.0273941	0.00810185	0.000214401	
6.40605	6.27116	0.134889	0.0283266	0.00810185	0.000839308	
6.40741	6.27687	0.130538	0.0274131	0.00810185	-0.000822185	
6.41486	6.28903	0.125826	0.0264234	0.00810185	-0.000890678	
6.42604	6.29549	0.130548	0.0274151	0.00810185	0.00089248	
6.42917	6.30002	0.129145	0.0271205	0.00810185	-0.00026514	
6.43602	6.30611	0.129914	0.027282	0.00810185	0.000145367	
6.44502	6.3086	0.136419	0.0286481	0.00810185	0.00122945	
6.45249	6.31601	0.136477	0.0286601	0.00810185	1.08147e-05	
6.45584	6.3225	0.133336	0.0280006	0.00810185	-0.000593545	
6.46401	6.33118	0.132825	0.0278933	0.00810185	-9.65209e-05	
6.46969	6.33878	0.130907	0.0274905	0.00810185	-0.000362562	
6.47679	6.34498	0.131807	0.0276795	0.00810185	0.000170151	
6.48835	6.3479	0.140451	0.0294948	0.00810185	0.00163374	
6.49577	6.35499	0.140782	0.0295642	0.00810185	6.24547e-05	
6.49517	6.36186	0.133313	0.0279958	0.00810185	-0.00141158	
6.49754	6.36557	0.131968	0.0277134	0.00810185	-0.000254145	
6.50067	6.37398	0.126693	0.0266055	0.00810185	-0.000997112	
6.50302	6.37908	0.123944	0.0260282	0.00810185	-0.000519555	
6.50792	6.3781	0.129825	0.0272632	0.00810185	0.00111148	
6.52184	6.38261	0.139229	0.0292382	0.00810185	0.00177748	
6.52047	6.38947	0.131001	0.0275102	0.00810185	-0.00155515	
6.52538	6.39633	0.129051	0.0271007	0.00810185	-0.0003686	
6.52812	6.39986	0.128262	0.026935	0.00810185	-0.000149062	
6.5346	6.40712	0.127482	0.0267713	0.00810185	-0.00014735	
6.53797	6.41084	0.127129	0.0266971	0.00810185	-6.67806e-05	
6.54402	6.41437	0.12965	0.0272264	0.00810185	0.000476386	
6.54952	6.42006	0.129462	0.027187	0.00810185	-3.55082e-05	
6.55151	6.42457	0.126938	0.0266571	0.00810185	-0.000476927	
6.55111	6.42673	0.124382	0.0261201	0.00810185	-0.000483235	
6.54775	6.42908	0.118671	0.0249209	0.00810185	-0.0010793	
6.53344	6.4383	0.0951424	0.0199799	0.00810185	-0.0044469	
6.50248	6.4432	0.059279	0.0124486	0.00810185	-0.00677818	
6.484	6.44438	0.0396228	0.00832078	0.00810185	-0.00371502	
6.47654	6.45065	0.025888	0.00543647	0.00810185	-0.00259588	
6.44124	6.44634	-0.00509739	-0.00107045	0.00807212	-0.00585623	
6.39437	6.44418	-0.0498099	-0.0104601	0.00778156	-0.00845067	
6.39437	6.44065	-0.0462842	-0.00971968	0.00751157	0.000666364	
6.37632	6.43085	-0.0545263	-0.0114505	0.0071935	-0.00155776	
6.33436	6.41221	-0.0778532	-0.0163492	0.00673935	-0.00440878	
6.32515	6.39045	-0.0652952	-0.013712	0.00635847	0.00237346	
6.29378	6.37515	-0.0813727	-0.0170883	0.00588379	-0.00303865	
6.28279	6.35986	-0.0770745	-0.0161857	0.00543419	0.000812362	
6.263	6.34419	-0.0811944	-0.0170508	0.00496056	-0.000778656	
6.25715	6.32103	-0.0638843	-0.0134157	0.0045879	0.00327162	
6.23484	6.29045	-0.055614	-0.0116789	0.00426348	0.00156308	
6.2256	6.2681	-0.0424957	-0.0089241	0.00401559	0.00247935	
6.21464	6.22105	-0.00640821	-0.00134573	0.00397821	0.00682054	
6.19367	6.21205	-0.0183759	-0.00385893	0.00387102	-0.00226189	
6.18543	6.19247	-0.00703621	-0.0014776	0.00382997	0.0021432	
6.1721	6.16973	0.0023737	0.000498476	0.00384382	0.00177847	
6.16619	6.13458	0.0316105	0.0066382	0.00402821	0.00552575	
6.16343	6.12163	0.0418015	0.0087783	0.00427205	0.00192609	
6.15941	6.07852	0.080893	0.0169875	0.00474393	0.00738831	
6.15285	6.05075	0.102104	0.0214419	0.00533954	0.00400891	
6.1355	6.0384	0.0971045	0.020392	0.00590598	-0.000944931	
6.12923	6.01853	0.110698	0.0232465	0.00655172	0.00256911	
6.12274	6.01128	0.11146	0.0234066	0.0072019	0.000144105	
6.12236	6.00678	0.115577	0.0242711	0.0078761	0.000778025	
6.12184	5.99919	0.122648	0.025756	0.00810185	0.00133642	
6.11239	5.98745	0.124942	0.0262378	0.00810185	0.000433578	
6.10397	5.98722	0.116752	0.0245179	0.00810185	-0.00154794	
6.0811	5.98572	0.0953836	0.0200306	0.00810185	-0.00403856	
6.06796	5.98338	0.0845823	0.0177623	0.00810185	-0.00204145	
6.0412	5.97945	0.0617518	0.0129679	0.00810185	-0.00431496	
6.02342	5.98024	0.0431762	0.009067	0.00810185	-0.0035108	
5.99104	5.9774	0.013639	0.00286418	0.00810185	-0.00558253	
5.96825	5.97746	-0.00921011	-0.00193412	0.00804813	-0.00431848	
5.94503	5.97414	-0.0291128	-0.00611369	0.0078783	-0.00376161	
5.93704	5.96317	-0.0261297	-0.00548724	0.00772588	0.000563805	
5.91721	5.94989	-0.0326777	-0.00686231	0.00753526	-0.00123756	
5.88347	5.92475	-0.0412846	-0.00866976	0.00729443	-0.00162671	
5.85142	5.91671	-0.0652871	-0.0137103	0.00691359	-0.00453648	
5.83126	5.89711	-0.0658522	-0.013829	0.00652945	-0.000106795	
5.74747	5.86161	-0.114136	-0.0239685	0.00586366	-0.0091256	
5.70563	5.85221	-0.146578	-0.0307814	0.00500862	-0.00613165	
5.67897	5.8104	-0.131427	-0.0275996	0.00424196	0.00286363	
5.57849	5.78931	-0.210821	-0.0442723	0.00301218	-0.0150054	
5.52302	5.77911	-0.256094	-0.0537796	0.0015183	-0.00855656	
5.51104	5.74084	-0.229799	-0.0482578	0.000177802	0.00496961	
5.41385	5.70887	-0.295019	-0.061954	-0.00154314	-0.0123266	
5.34735	5.69197	-0.344618	-0.0723698	-0.00355342	-0.00937424	
5.31971	5.67409	-0.354375	-0.0744188	-0.00562061	-0.00184408	
5.22392	5.6282	-0.404279	-0.0848986	-0.0079789	-0.00943183	
5.17902	5.60405	-0.425033	-0.0892569	-0.00810185	-0.00392248	
5.13697	5.56469	-0.427719	-0.089821	-0.00810185	-0.000507658	
5.06389	5.5409	-0.477015	-0.100173	-0.00810185	-0.00931692	
4.98393	5.52113	-0.537202	-0.112812	-0.00810185	-0.0113753	
4.92642	5.4943	-0.567875	-0.119254	-0.00810185	-0.0057972	
4.88867	5.45656	-0.567891	-0.119257	-0.00810185	-2.97403e-06	
4.85254	5.44735	-0.594807	-0.124909	-0.00810185	-0.00508722	
4.84146	5.41021	-0.568754	-0.119438	-0.00810185	0.0049241	
4.84871	5.37936	-0.530651	-0.111437	-0.00810185	0.00720149	
4.84467	5.33161	-0.486941	-0.102258	-0.00810185	0.00826114	
4.82267	5.30816	-0.485494	-0.101954	-0.00810185	0.000273431	
4.81313	5.28187	-0.468739	-0.0984352	-0.00810185	0.00316671	
4.80858	5.25827	-0.449686	-0.094434	-0.00810185	0.0036011	
4.80508	5.23984	-0.434759	-0.0912993	-0.00810185	0.00282119	
4.79164	5.19217	-0.400527	-0.0841108	-0.00810185	0.00646969	
4.77971	5.16416	-0.384455	-0.0807355	-0.00810185	0.00303775	
4.75859	5.14548	-0.386889	-0.0812467	-0.00810185	-0.000460074	
4.74587	5.11267	-0.366796	-0.0770272	-0.00810185	0.00379757	
4.7372	5.08386	-0.34666	-0.0727985	-0.00810185	0.00380577	
4.71699	5.05363	-0.336643	-0.070695	-0.00810185	0.0018932	
4.70078	5.03262	-0.33184	-0.0696864	-0.00810185	0.000907711	
4.6895	4.99785	-0.308345	-0.0647525	-0.00810185	0.0044405	
4.67055	4.9828	-0.312251	-0.0655726	-0.00810185	-0.000738101	
4.65746	4.95786	-0.300396	-0.0630831	-0.00810185	0.00224053	
4.64955	4.92468	-0.275133	-0.0577779	-0.00810185	0.00477477	
4.6316	4.89311	-0.261508	-0.0549167	-0.00810185	0.00257506	
4.62219	4.87548	-0.253289	-0.0531907	-0.00810185	0.00155335	
4.61302	4.85177	-0.23875	-0.0501374	-0.00810185	0.00274801	
4.59398	4.8052	-0.211221	-0.0443564	-0.00810185	0.00520294	
4.58136	4.79439	-0.213029	-0.0447362	-0.00810185	-0.000341834	
4.58136	4.77516	-0.193802	-0.0406985	-0.00810185	0.00363391	
4.5584	4.7254	-0.167005	-0.035071	-0.00810185	0.00506478	
4.54646	4.71582	-0.169363	-0.0355663	-0.00810185	-0.000445835	
4.54099	4.67337	-0.132383	-0.0278005	-0.00810185	0.00698925	
4.51914	4.64493	-0.125792	-0.0264162	-0.00810185	0.00124585	
4.51148	4.63025	-0.11877	-0.0249416	-0.00810185	0.00132714	
4.50187	4.59849	-0.0966206	-0.0202903	-0.00810185	0.00418618	
4.48797	4.57097	-0.0830016	-0.0174303	-0.00810185	0.00257398	
4.46989	4.54216	-0.0722699	-0.0151767	-0.00810185	0.00202829	
4.46459	4.52078	-0.0561924	-0.0118004	-0.00810185	0.00303865	
4.44929	4.49179	-0.0424976	-0.0089245	-0.00810185	0.00258831	
4.44223	4.45094	-0.008708	-0.00182868	-0.00810185	0.00638624	
4.4295	4.44135	-0.0118537	-0.00248928	-0.00810185	-0.000594536	
4.40948	4.42231	-0.0128317	-0.00269465	-0.00810185	-0.000184841	
4.39751	4.38373	0.0137768	0.00289312	-0.00802149	0.005029	
4.38535	4.3572	0.0281539	0.00591232	-0.00785726	0.00271728	
4.3779	4.33232	0.0455837	0.00957258	-0.00759135	0.00329424	
4.3589	4.30879	0.0501113	0.0105234	-0.00729903	0.00085571	
4.34536	4.27734	0.0680189	0.014284	-0.00690226	0.00338454	
4.33613	4.26014	0.0759935	0.0159586	-0.00645896	0.0015072	
4.3226	4.23551	0.0870929	0.0182895	-0.00595092	0.00209777	
4.31377	4.21726	0.0965075	0.0202666	-0.00538796	0.00177937	
4.30362	4.20577	0.0978465	0.0205478	-0.00481719	0.000253063	
4.29738	4.18182	0.115561	0.0242678	-0.00414308	0.00334804	
4.2832	4.17131	0.11189	0.023497	-0.00349039	-0.000693761	
4.26475	4.16597	0.0987835	0.0207445	-0.00291415	-0.00247719	
4.25691	4.15983	0.0970788	0.0203865	-0.00234786	-0.000322187	
4.24849	4.15885	0.0896416	0.0188247	-0.00182495	-0.00140564	
4.23445	4.161	0.0734501	0.0154245	-0.00139649	-0.00306019	
4.22539	4.15759	0.067801	0.0142382	-0.00100099	-0.00106768	
4.20849	4.16231	0.0461788	0.00969755	-0.000731609	-0.00408659	
4.2032	4.16077	0.0424342	0.00891118	-0.000484076	-0.00070773	
4.19499	4.15404	0.0409517	0.00859986	-0.000245191	-0.00028019	
4.19619	4.15279	0.0434046	0.00911496	8.00252e-06	0.000463589	
4.17807	4.14417	0.033905	0.00712006	0.000205782	-0.00179541	
4.16006	4.13102	0.029037	0.00609777	0.000375164	-0.000920058	
4.15202	4.12748	0.0245371	0.00515279	0.000518297	-0.000850483	
4.14891	4.11216	0.0367465	0.00771677	0.000732652	0.00230758	
4.12149	4.10452	0.0169735	0.00356443	0.000831664	-0.0037371	
4.11166	4.09608	0.0155773	0.00327124	0.000922532	-0.000263878	
4.1073	4.08649	0.0208135	0.00437083	0.00104394	0.000989632	
4.07873	4.07728	0.00144529	0.000303512	0.00105237	-0.00366058	
4.07793	4.07143	0.00649977	0.00136495	0.00109029	0.000955296	
4.06347	4.0538	0.0096693	0.00203055	0.00114669	0.000599042	
4.04182	4.04172	9.77516e-05	2.05278e-05	0.00114726	-0.00180902	
4.02849	4.02313	0.00536299	0.00112623	0.00117855	0.00099513	
4.01683	4.00726	0.00956535	0.00200872	0.00123435	0.000794247	
3.98435	3.9858	-0.0014534	-0.000305214	0.00122587	-0.00208254	
3.9701	3.9703	-0.000198841	-4.17566e-05	0.00122471	0.000237112	
3.95625	3.94669	0.00955677	0.00200692	0.00128046	0.00184381	
3.9404	3.92324	0.017164	0.00360444	0.00138058	0.00143776	
3.92025	3.90696	0.0132864	0.00279013	0.00145808	-0.000732874	
3.90509	3.88568	0.0194092	0.00407593	0.0015713	0.00115721	
3.89391	3.85769	0.0362225	0.00760672	0.0017826	0.00317771	
3.87258	3.83568	0.0369043	0.00774991	0.00199788	0.000128875	
3.85891	3.81083	0.0480824	0.0100973	0.00227836	0.00211265	
3.84576	3.78641	0.0593457	0.0124626	0.00262454	0.00212878	
3.82331	3.78088	0.0424252	0.00890928	0.00287202	-0.00319799	
3.8027	3.77221	0.030489	0.00640268	0.00304987	-0.00225594	
3.79348	3.76364	0.0298421	0.00626685	0.00322395	-0.000122251	
3.78624	3.75573	0.0305147	0.00640809	0.00340195	0.000127117	
3.77979	3.74543	0.0343552	0.00721458	0.00360236	0.000725844	
3.77019	3.73753	0.0326602	0.00685865	0.00379288	-0.000320339	
3.7739	3.72474	0.0491583	0.0103232	0.00407963	0.00311814	
3.77033	3.71859	0.051744	0.0108662	0.00438147	0.000488688	
3.77151	3.70657	0.06494	0.0136374	0.00476029	0.00249404	
3.77858	3.71154	0.0670409	0.0140786	0.00515136	0.000397079	
3.79272	3.69847	0.0942543	0.0197934	0.00570118	0.00514332	
3.81289	3.69664	0.116246	0.0244117	0.00637928	0.00415644	
3.82603	3.70468	0.121348	0.0254832	0.00708715	0.000964353	
3.83564	3.7129	0.122742	0.0257759	0.00780314	0.000263472	
3.85721	3.71758	0.139626	0.0293214	0.00810185	0.00319096	
3.8829	3.74053	0.142373	0.0298982	0.00810185	0.000519149	
3.93351	3.75839	0.175117	0.0367745	0.00810185	0.00618865	
3.9588	3.77191	0.186892	0.0392474	0.00810185	0.00222557	
3.96919	3.79214	0.177045	0.0371795	0.00810185	-0.00186107	
4.0092	3.83889	0.17031	0.0357652	0.00810185	-0.00127293	
4.04254	3.8503	0.19224	0.0403704	0.00810185	0.00414477	
4.08413	3.89783	0.1863	0.039123	0.00810185	-0.0011227	
4.12631	3.94175	0.184557	0.0387569	0.00810185	-0.000329487	
4.20988	3.96486	0.245021	0.0514544	0.00810185	0.0114278	
4.25809	3.98573	0.272358	0.0571952	0.00810185	0.00516671	
4.30867	4.07101	0.237664	0.0499095	0.00810185	-0.00655716	
4.39046	4.10356	0.286896	0.0602482	0.00810185	0.00930485	
4.42526	4.16001	0.265248	0.055702	0.00810185	-0.00409155	
4.50473	4.2531	0.251631	0.0528426	0.00810185	-0.00257353	
4.55331	4.31776	0.235552	0.0494659	0.00810185	-0.00303901	
4.60168	4.37634	0.225335	0.0473204	0.00810185	-0.00193096	
4.696	4.49083	0.205169	0.0430855	0.00810185	-0.00381136	
4.75427	4.51489	0.23938	0.0502699	0.00810185	0.00646591	
4.81898	4.57896	0.240017	0.0504037	0.00810185	0.000120403	
4.84569	4.63807	0.207621	0.0436003	0.00810185	-0.00612299	
4.90853	4.73162	0.176911	0.0371514	0.00810185	-0.00580405	
5.02216	4.75211	0.270047	0.0567098	0.00810185	0.0176026	
5.05686	4.80506	0.251799	0.0528777	0.00810185	-0.00344889	
5.11045	4.89234	0.218105	0.0458021	0.00810185	-0.00636804	
5.21276	4.91918	0.293579	0.0616515	0.00810185	0.0142645	
5.23961	4.96238	0.277233	0.058219	0.00810185	-0.0030893	
5.2747	5.03393	0.240774	0.0505626	0.00810185	-0.00689074	
5.36172	5.09591	0.26581	0.0558202	0.00810185	0.00473187	
5.38646	5.13097	0.255489	0.0536527	0.00810185	-0.00195079	
5.39292	5.19279	0.200132	0.0420277	0.00810185	-0.0104625	
5.44625	5.28661	0.159643	0.0335251	0.00810185	-0.00765237	
5.47057	5.30977	0.1608	0.0337679	0.00810185	0.000218546	
5.48175	5.35825	0.123503	0.0259357	0.00810185	-0.007049	
5.53319	5.42248	0.110713	0.0232498	0.00810185	-0.00241726	
5.55023	5.43992	0.110311	0.0231652	0.00810185	-7.61533e-05	
5.5622	5.48843	0.0737734	0.0154924	0.00810185	-0.00690552	
5.60065	5.52572	0.0749326	0.0157358	0.00810185	0.000219087	
5.65224	5.5412	0.111044	0.0233193	0.00810185	0.00682514	
5.66006	5.56917	0.0908937	0.0190877	0.00810185	-0.00380847	
5.70482	5.59557	0.109253	0.0229432	0.00810185	0.00346998	
5.73574	5.61779	0.117949	0.0247694	0.00810185	0.00164356	
5.77494	5.6356	0.139335	0.0292604	0.00810185	0.00404189	
5.78939	5.66048	0.128906	0.0270702	0.00810185	-0.00197115	
5.83652	5.6995	0.137017	0.0287735	0.00810185	0.00153298	
5.88973	5.70693	0.182797	0.0383874	0.00810185	0.00865245	
5.90975	5.72326	0.186485	0.0391619	0.00810185	0.000697095	
5.94053	5.75117	0.189358	0.0397652	0.00810185	0.000542986	
5.97619	5.77175	0.204436	0.0429316	0.00810185	0.00284975	
6.0097	5.78495	0.224751	0.0471977	0.00810185	0.00383948	
6.02107	5.8105	0.210573	0.0442203	0.00810185	-0.00267969	
6.06949	5.83041	0.239076	0.050206	0.00810185	0.00538715	
6.06949	5.83729	0.232199	0.0487617	0.00810185	-0.00129983	
6.08523	5.86545	0.219778	0.0461534	0.00810185	-0.0023475	
6.12324	5.89567	0.227571	0.0477898	0.00810185	0.00147278	
6.12615	5.91644	0.20971	0.0440391	0.00810185	-0.00337562	
6.14239	5.94881	0.19358	0.0406518	0.00810185	-0.00304856	
6.17891	6.00139	0.177523	0.0372798	0.00810185	-0.00303487	
6.18107	6.0274	0.153666	0.0322698	0.00810185	-0.00450899	
6.19459	6.0623	0.132287	0.0277802	0.00810185	-0.00404063	
6.20774	6.07288	0.13486	0.0283206	0.00810185	0.00048639	
6.20776	6.09781	0.109953	0.0230901	0.00810185	-0.00470744	
6.21736	6.14313	0.0742292	0.0155881	0.00810185	-0.00675178	
6.2407	6.16353	0.0771737	0.0162065	0.00810185	0.000556505	
6.24904	6.17592	0.0731225	0.0153557	0.00810185	-0.000765678	
6.25044	6.2155	0.0349436	0.00733815	0.00810185	-0.00721582	
6.26392	6.23782	0.0261006	0.00548113	0.00810185	-0.00167132	
6.28473	6.24235	0.0423794	0.00889967	0.00810185	0.00307668	
6.28669	6.26249	0.0242014	0.00508229	0.00810185	-0.00343564	
6.30629	6.26072	0.0455742	0.00957058	0.00810185	0.00403946	
6.32292	6.26053	0.0623941	0.0131028	0.00810185	0.00317897	
6.32019	6.26785	0.0523448	0.0109924	0.00810185	-0.00189933	
6.32991	6.27136	0.0585518	0.0122959	0.00810185	0.00117312	
6.35269	6.27276	0.0799351	0.0167864	0.00810185	0.00404144	
6.35962	6.26457	0.0950475	0.01996	0.00810185	0.00285624	
6.36901	6.25493	0.114077	0.0239562	0.00810185	0.0035966	
6.38207	6.25847	0.123603	0.0259566	0.00810185	0.00180037	
6.38769	6.26241	0.12528	0.0263089	0.00810185	0.00031705	
6.39269	6.27665	0.116044	0.0243691	0.00810185	-0.00174576	
6.41287	6.28732	0.125553	0.0263661	0.00810185	0.00179722	
6.42485	6.29143	0.133423	0.0280188	0.00810185	0.00148747	
6.44494	6.29357	0.151371	0.031788	0.00810185	0.00339229	
6.4493	6.30006	0.149242	0.0313409	0.00810185	-0.000402396	
6.45256	6.3095	0.143059	0.0300423	0.00810185	-0.0011687	
6.47004	6.32908	0.140963	0.0296022	0.00810185	-0.000396087	
6.47753	6.34063	0.136899	0.0287487	0.00810185	-0.000768202	
6.49175	6.35574	0.136014	0.028563	0.00810185	-0.000167087	
6.49946	6.36554	0.13392	0.0281232	0.00810185	-0.000395817	
6.50981	6.37142	0.138385	0.0290609	0.00810185	0.000843904	
6.52277	6.39005	0.132718	0.0278708	0.00810185	-0.0010711	
6.53027	6.39535	0.134923	0.0283338	0.00810185	0.000416725	
6.53235	6.41183	0.120523	0.0253099	0.00810185	-0.00272151	
6.54544	6.41556	0.129885	0.0272758	0.00810185	0.00176928	
6.54992	6.42752	0.122399	0.0257039	0.00810185	-0.00141474	
6.5631	6.44065	0.122446	0.0257136	0.00810185	8.74186e-06	
6.57831	6.44752	0.13079	0.0274659	0.00810185	0.00157714	
6.57695	6.45439	0.122564	0.0257385	0.00810185	-0.0015547	
6.58439	6.46913	0.115262	0.024205	0.00810185	-0.00138013	
6.59801	6.47344	0.124571	0.02616	0.00810185	0.00175946	
6.60996	6.48462	0.125342	0.0263219	0.00810185	0.000145728	
6.61348	6.49799	0.115486	0.024252	0.00810185	-0.00186292	
6.62991	6.50113	0.128779	0.0270437	0.00810185	0.00251252	
6.63011	6.50917	0.120936	0.0253965	0.00810185	-0.00148242	
6.63699	6.51918	0.117809	0.02474	0.00810185	-0.000590931	
6.65269	6.52665	0.126038	0.026468	0.00810185	0.00155524	
6.65621	6.53888	0.117331	0.0246395	0.00810185	-0.00164563	
6.66287	6.54201	0.120856	0.0253798	0.00810185	0.000666274	
6.67668	6.55117	0.125515	0.0263581	0.00810185	0.000880494	
6.68409	6.55648	0.127606	0.0267972	0.00810185	0.000395186	
6.68132	6.56165	0.119666	0.0251299	0.00810185	-0.00150063	
6.65604	6.5646	0.0914397	0.0192023	0.00810185	-0.00533478	
6.65467	6.56732	0.0873504	0.0183436	0.00810185	-0.000772888	
6.63234	6.58262	0.0497241	0.0104421	0.00810185	-0.00711136	
6.57783	6.58107	-0.00323772	-0.000679922	0.00808296	-0.0100098	
6.5645	6.58265	-0.0181551	-0.00381257	0.00797706	-0.00281938	
6.5425	6.58424	-0.0417433	-0.00876609	0.00773356	-0.00445817	
6.51389	6.57737	-0.063478	-0.0133304	0.00736327	-0.00410786	
6.48903	6.56937	-0.0803361	-0.0168706	0.00689464	-0.00318618	
6.46293	6.56455	-0.101622	-0.0213405	0.00630185	-0.00402297	
6.44668	6.54294	-0.0962567	-0.0202139	0.00574035	0.00101397	
6.43086	6.5325	-0.101645	-0.0213453	0.00514743	-0.00101829	
6.39343	6.52119	-0.127756	-0.0268288	0.00440218	-0.00493509	
6.39124	6.50686	-0.11562	-0.0242802	0.00372773	0.0022937	
6.3787	6.48321	-0.104513	-0.0219477	0.00311807	0.00209931	
6.36778	6.47628	-0.1085	-0.022785	0.00248516	-0.000753602	
6.36539	6.45804	-0.0926466	-0.0194558	0.00194472	0.00299629	
6.36668	6.42793	-0.0612535	-0.0128632	0.00158741	0.00593329	
6.3649	6.4184	-0.0535016	-0.0112353	0.00127531	0.00146512	
6.37167	6.40268	-0.0310054	-0.00651113	0.00109445	0.00425179	
6.37393	6.37645	-0.00251627	-0.000528417	0.00107977	0.00538444	
6.37737	6.36097	0.0164032	0.00344467	0.00117546	0.00357578	
6.38038	6.34684	0.0335426	0.00704395	0.00137112	0.00323935	
6.39003	6.32743	0.062604	0.0131468	0.00173631	0.00549259	
6.40206	6.2993	0.102755	0.0215786	0.00233571	0.00758856	
6.40889	6.29064	0.118252	0.0248329	0.00302552	0.00292888	
6.41406	6.27669	0.137369	0.0288475	0.00382684	0.00361318	
6.42983	6.2638	0.166032	0.0348668	0.00479536	0.00541734	
6.438	6.26201	0.175987	0.0369572	0.00582195	0.00188139	
6.44119	6.26307	0.17812	0.0374051	0.00686098	0.000403117	
6.45244	6.26944	0.182996	0.0384292	0.00792846	0.00092168	
6.46411	6.27669	0.187419	0.039358	0.00810185	0.000835884	
6.47387	6.28579	0.188076	0.0394959	0.00810185	0.000124098	
6.47609	6.3	0.176089	0.0369786	0.00810185	-0.00226549	
6.4861	6.32699	0.159106	0.0334122	0.00810185	-0.00320979	
6.49482	6.33621	0.158611	0.0333084	0.00810185	-9.34567e-05	
6.49482	6.35777	0.13705	0.0287804	0.00810185	-0.00407515	
6.50784	6.38857	0.119275	0.0250477	0.00810185	-0.00335949	
6.50778	6.39421	0.11357	0.0238496	0.00810185	-0.00107822	
6.50606	6.41029	0.095767	0.0201111	0.00810185	-0.00336471	
6.50933	6.42455	0.0847807	0.0178039	0.00810185	-0.00207642	
6.50766	6.43278	0.0748796	0.0157247	0.00810185	-0.0018713	
6.50668	6.44236	0.0643191	0.013507	0.00810185	-0.00199594	
6.50828	6.46306	0.0452189	0.00949598	0.00810185	-0.00360994	
6.51516	6.47676	0.0383992	0.00806384	0.00810185	-0.00128893	
6.51761	6.47952	0.0380859	0.00799805	0.00810185	-5.92103e-05	
6.52013	6.48186	0.038271	0.0080369	0.00810185	3.49674e-05	
6.52408	6.48204	0.0420356	0.00882747	0.00810185	0.000711515	
6.52328	6.48536	0.0379171	0.0079626	0.00810185	-0.000778386	
6.52394	6.49065	0.0332928	0.00699148	0.00810185	-0.000874005	
6.53248	6.49482	0.0376596	0.00790852	0.00810185	0.000825339	
6.54445	6.4936	0.0508547	0.0106795	0.00810185	0.00249386	
6.55109	6.48966	0.0614252	0.0128993	0.00810185	0.00199783	
6.55146	6.48629	0.0651684	0.0136854	0.00810185	0.000707459	
6.55005	6.49097	0.059083	0.0124074	0.00810185	-0.00115014	
6.55131	6.49673	0.0545816	0.0114621	0.00810185	-0.000850754	
6.56203	6.51208	0.0499482	0.0104891	0.00810185	-0.000875718	
6.57961	6.51787	0.0617433	0.0129661	0.00810185	0.00222926	
6.58667	6.5188	0.0678711	0.0142529	0.00810185	0.00115816	
6.6001	6.5217	0.0784006	0.0164641	0.00810185	0.00199008	
6.60634	6.52634	0.0800004	0.0168001	0.00810185	0.00030236	
6.61064	6.52755	0.0830903	0.017449	0.00810185	0.000583992	
6.60922	6.53526	0.0739555	0.0155307	0.00810185	-0.00172647	
6.61681	6.5399	0.07691	0.0161511	0.00810185	0.000558397	
6.61996	6.5492	0.0707583	0.0148593	0.00810185	-0.00116267	
6.63188	6.54839	0.0834942	0.0175338	0.00810185	0.00240707	
6.63344	6.55101	0.0824347	0.0173113	0.00810185	-0.000200252	
6.6403	6.54964	0.0906553	0.0190376	0.00810185	0.00155371	
6.62874	6.55021	0.0785265	0.0164906	0.00810185	-0.00229235	
6.63305	6.54664	0.0864115	0.0181464	0.00810185	0.00149026	
6.63422	6.5537	0.0805192	0.016909	0.00810185	-0.00111364	
6.63147	6.55629	0.0751758	0.0157869	0.00810185	-0.00100991	
6.63677	6.55447	0.0823035	0.0172837	0.00810185	0.00134715	
6.63854	6.55506	0.0834751	0.0175298	0.00810185	0.00022143	
6.63403	6.55037	0.0836558	0.0175677	0.00810185	3.41563e-05	
6.63442	6.54702	0.087399	0.0183538	0.00810185	0.000707459	
6.63402	6.55035	0.0836711	0.0175709	0.00810185	-0.000704576	
6.62736	6.55643	0.070931	0.0148955	0.00810185	-0.00240789	
6.62951	6.56194	0.0675745	0.0141906	0.00810185	-0.00063437	
6.63402	6.56194	0.0720844	0.0151377	0.00810185	0.000852376	
6.63971	6.56665	0.0730577	0.0153421	0.00810185	0.000183939	
6.63777	6.56818	0.0695863	0.0146131	0.00810185	-0.00065609	
6.63936	6.57235	0.067008	0.0140717	0.00810185	-0.000487291	
6.63874	6.58018	0.0585632	0.0122983	0.00810185	-0.00159606	
6.64623	6.58391	0.0623178	0.0130867	0.00810185	0.000709622	
6.64938	6.58154	0.0678391	0.0142462	0.00810185	0.00104353	
6.65413	6.58429	0.0698357	0.0146655	0.00810185	0.000377342	
6.65762	6.58413	0.0734873	0.0154323	0.00810185	0.000690156	
6.65903	6.58689	0.0721421	0.0151498	0.00810185	-0.000254235	
6.66288	6.60019	0.0626888	0.0131647	0.00810185	-0.00178667	
6.67047	6.59864	0.0718327	0.0150849	0.00810185	0.00172818	
6.675	6.59981	0.0751905	0.01579	0.00810185	0.000634641	
6.67495	6.60611	0.0688386	0.0144561	0.00810185	-0.00120052	
6.6823	6.60862	0.0736837	0.0154736	0.00810185	0.000915732	
6.68366	6.609	0.0746613	0.0156789	0.00810185	0.000184751	
6.68937	6.62065	0.0687199	0.0144312	0.00810185	-0.00112292	
6.69041	6.62825	0.0621605	0.0130537	0.00810185	-0.00123972	
6.69686	6.62937	0.0674887	0.0141726	0.00810185	0.00100703	
6.72506	6.63232	0.0927444	0.0194763	0.00810185	0.00477332	
6.71242	6.63512	0.0772982	0.0162326	0.00810185	-0.00291933	
6.7322	6.63199	0.100214	0.0210449	0.00810185	0.00433109	
6.70535	6.63976	0.0655885	0.0137736	0.00810185	-0.00654422	
6.70572	6.64721	0.0585122	0.0122876	0.00810185	-0.00133741	
6.75409	6.65446	0.099628	0.0209219	0.00810185	0.00777088	
6.73407	6.6592	0.0748715	0.015723	0.00810185	-0.00467897	
6.75794	6.66236	0.0955796	0.0200717	0.00810185	0.00391383	
6.76111	6.66487	0.0962377	0.0202099	0.00810185	0.000124369	
6.76592	6.6643	0.101623	0.0213408	0.00810185	0.00101784	
6.76178	6.66999	0.091785	0.0192748	0.00810185	-0.0018594	
6.76336	6.68412	0.0792408	0.0166406	0.00810185	-0.00237085	
6.76958	6.6884	0.0811758	0.0170469	0.00810185	0.000365716	
6.77507	6.69724	0.0778332	0.016345	0.00810185	-0.000631757	
6.78371	6.70258	0.08113	0.0170373	0.00810185	0.000623105	
6.78917	6.69865	0.0905166	0.0190085	0.00810185	0.00177406	
6.78976	6.70528	0.0844798	0.0177408	0.00810185	-0.00114095	
6.79152	6.71158	0.0799432	0.0167881	0.00810185	-0.000857423	
6.79643	6.71278	0.0836525	0.017567	0.00810185	0.000701061	
6.79819	6.72285	0.075336	0.0158206	0.00810185	-0.00157182	
6.8059	6.7326	0.073297	0.0153924	0.00810185	-0.000385363	
6.81226	6.73691	0.0753503	0.0158236	0.00810185	0.000388066	
6.81986	6.73849	0.0813665	0.017087	0.00810185	0.00113707	
6.82373	6.74287	0.0808578	0.0169801	0.00810185	-9.61604e-05	
6.82518	6.74521	0.0799665	0.016793	0.00810185	-0.000168438	
6.83091	6.74793	0.0829768	0.0174251	0.00810185	0.000568942	
6.83133	6.75817	0.0731611	0.0153638	0.00810185	-0.00185517	
6.84036	6.76289	0.0774693	0.0162686	0.00810185	0.000814254	
6.84751	6.76621	0.081296	0.0170722	0.00810185	0.000723231	
6.85415	6.776	0.0781541	0.0164124	0.00810185	-0.000593815	
6.85906	6.77505	0.0840068	0.0176414	0.00810185	0.00110616	
6.8645	6.78095	0.0835543	0.0175464	0.00810185	-8.5526e-05	
6.86979	6.78857	0.0812168	0.0170555	0.00810185	-0.000441779	
6.8696	6.79096	0.0786443	0.0165153	0.00810185	-0.000486209	
6.87857	6.8004	0.0781674	0.0164152	0.00810185	-9.01222e-05	
6.89714	6.81074	0.0863953	0.018143	0.00810185	0.00155506	
6.90475	6.81365	0.0910983	0.0191306	0.00810185	0.000888875	
6.91193	6.8129	0.0990329	0.0207969	0.00810185	0.00149963	
6.91955	6.82155	0.0980015	0.0205803	0.00810185	-0.000194934	
6.92397	6.82707	0.0969038	0.0203498	0.00810185	-0.000207461	
6.93852	6.83503	0.103491	0.0217331	0.00810185	0.00124495	
6.93877	6.83952	0.0992455	0.0208416	0.00810185	-0.000802358	
6.95174	6.85354	0.098197	0.0206214	0.00810185	-0.000198179	
6.93602	6.85864	0.0773783	0.0162494	0.00810185	-0.00393474	
6.94608	6.86192	0.0841584	0.0176733	0.00810185	0.00128145	
6.93711	6.87628	0.060832	0.0127747	0.00810185	-0.00440869	
6.87932	6.87768	0.00164032	0.000344467	0.00810185	-0.0111872	
6.87151	6.88278	-0.0112686	-0.00236641	0.00803612	-0.00243979	
6.86217	6.89289	-0.0307221	-0.00645165	0.00785691	-0.00367672	
6.83394	6.89312	-0.0591803	-0.0124279	0.00751169	-0.00537858	
6.80962	6.88479	-0.0751715	-0.015786	0.00707319	-0.00302234	
6.79217	6.88306	-0.0908937	-0.0190877	0.00654297	-0.00297151	
6.76335	6.86407	-0.100724	-0.0211521	0.00595542	-0.00185796	
6.75583	6.86094	-0.10511	-0.022073	0.00534228	-0.000828854	
6.74446	6.84957	-0.105111	-0.0220733	0.00472913	-2.70367e-07	
6.72693	6.82454	-0.09761	-0.0204981	0.00415974	0.00141771	
6.72168	6.81509	-0.0934119	-0.0196165	0.00361483	0.000793436	
6.72032	6.79322	-0.0729003	-0.0153091	0.00318958	0.0038767	
6.71655	6.76289	-0.0463409	-0.0097316	0.00291926	0.00501972	
6.71417	6.75368	-0.0395055	-0.00829615	0.00268881	0.0012919	
6.71243	6.72645	-0.0140171	-0.00294359	0.00260704	0.0048173	
6.71761	6.70144	0.0161695	0.0033956	0.00270137	0.00570528	
6.71995	6.69064	0.0293102	0.00615515	0.00287234	0.00248359	
6.72282	6.67066	0.0521626	0.0109542	0.00317662	0.00431911	
6.72459	6.64599	0.0785961	0.0165052	0.0036351	0.00499593	
6.73249	6.63402	0.0984697	0.0206786	0.00420951	0.00375611	
6.74151	6.61808	0.123426	0.0259196	0.0049295	0.00471682	
6.74525	6.60377	0.141481	0.0297111	0.0057548	0.00341239	
6.75779	6.60282	0.154968	0.0325432	0.00665878	0.00254893	
6.76697	6.60698	0.159991	0.0335982	0.00759207	0.000949438	
6.77309	6.61321	0.159881	0.0335749	0.00810185	-2.09084e-05	
6.7816	6.62356	0.158038	0.033188	0.00810185	-0.000348232	
6.80765	6.62983	0.177817	0.0373416	0.00810185	0.00373827	
6.81233	6.63987	0.172455	0.0362155	0.00810185	-0.00101351	
6.8251	6.6591	0.166001	0.0348602	0.00810185	-0.0012198	
6.85448	6.67795	0.176534	0.0370721	0.00810185	0.00199071	
6.86543	6.69052	0.174905	0.0367301	0.00810185	-0.000307767	
6.87114	6.71677	0.154367	0.0324171	0.00810185	-0.00388174	
6.91178	6.73789	0.173888	0.0365165	0.00810185	0.00368951	
6.91782	6.75126	0.166562	0.034978	0.00810185	-0.00138464	
6.93112	6.77426	0.156861	0.0329408	0.00810185	-0.00183354	
6.95865	6.80757	0.151079	0.0317266	0.00810185	-0.00109273	
6.97213	6.81558	0.15655	0.0328755	0.00810185	0.00103397	
6.98502	6.84123	0.143787	0.0301953	0.00810185	-0.00241212	
7.01735	6.86117	0.156181	0.032798	0.00810185	0.00234237	
7.0365	6.87553	0.160972	0.0338041	0.00810185	0.000905548	
7.04416	6.90204	0.142121	0.0298454	0.00810185	-0.00356289	
7.07279	6.9136	0.159191	0.03343	0.00810185	0.0032262	
7.07943	6.93444	0.144991	0.0304481	0.00810185	-0.00268375	
7.09784	6.94603	0.151806	0.0318792	0.00810185	0.00128803	
7.12648	6.96413	0.162352	0.0340939	0.00810185	0.00199323	
7.14591	6.97685	0.169055	0.0355015	0.00810185	0.00126685	
7.16631	6.99332	0.172988	0.0363275	0.00810185	0.000743328	
7.17261	7.01338	0.159226	0.0334375	0.00810185	-0.00260093	
7.19347	7.0277	0.165772	0.0348122	0.00810185	0.0012372	
7.21209	7.04473	0.167363	0.0351462	0.00810185	0.000300558	
7.21798	7.05511	0.162867	0.034202	0.00810185	-0.000849762	
7.22938	7.07925	0.150131	0.0315275	0.00810185	-0.00240707	
7.24373	7.09281	0.150918	0.0316927	0.00810185	0.000148702	
7.26001	7.10324	0.156766	0.0329209	0.00810185	0.00110544	
7.2718	7.12692	0.144885	0.0304258	0.00810185	-0.00224567	
7.30098	7.14493	0.156052	0.0327708	0.00810185	0.00211057	
7.29508	7.15222	0.142859	0.0300003	0.00810185	-0.0024935	
7.31099	7.17439	0.136596	0.0286852	0.00810185	-0.00118358	
7.33806	7.19091	0.147154	0.0309024	0.00810185	0.00199549	
7.35023	7.19966	0.150573	0.0316203	0.00810185	0.000646086	
7.35477	7.21314	0.141631	0.0297424	0.00810185	-0.00169006	
7.37629	7.23097	0.145322	0.0305176	0.00810185	0.000697636	
7.389	7.24158	0.14742	0.0309582	0.00810185	0.000396538	
7.39883	7.25336	0.145466	0.0305478	0.00810185	-0.000369321	
7.40944	7.2633	0.146138	0.0306889	0.00810185	0.000126982	
7.42153	7.26878	0.152748	0.0320771	0.00810185	0.00124936	
7.43249	7.27778	0.154712	0.0324895	0.00810185	0.000371123	
7.45275	7.29393	0.158821	0.0333524	0.00810185	0.000776673	
7.46326	7.30739	0.15587	0.0327327	0.00810185	-0.000557766	
7.47247	7.3201	0.152369	0.0319974	0.00810185	-0.000661767	
7.50455	7.33322	0.171327	0.0359787	0.00810185	0.00358317	
7.52478	7.33655	0.188228	0.0395278	0.00810185	0.0031942	
7.54216	7.34912	0.193044	0.0405392	0.00810185	0.000910234	
7.54688	7.37656	0.170324	0.0357681	0.00810185	-0.00429396	
7.57447	7.39127	0.183196	0.0384711	0.00810185	0.00243267	
7.59425	7.41106	0.183191	0.0384702	0.00810185	-8.111e-07	
7.62504	7.42673	0.198307	0.0416445	0.00810185	0.00285687	
7.65638	7.43654	0.219838	0.0461659	0.00810185	0.00406929	
7.65579	7.47203	0.183758	0.0385891	0.00810185	-0.0068191	
7.66893	7.49537	0.173565	0.0364486	0.00810185	-0.00192645	
7.68168	7.52439	0.157291	0.0330312	0.00810185	-0.00307569	
7.6876	7.53655	0.151052	0.0317209	0.00810185	-0.00117925	
7.69722	7.56616	0.131059	0.0275224	0.00810185	-0.00377864	
7.73181	7.5795	0.152311	0.0319853	0.00810185	0.00401657	
7.73065	7.59126	0.139385	0.0292709	0.00810185	-0.00244294	
7.74264	7.60342	0.139217	0.0292356	0.00810185	-3.1723e-05	
7.76537	7.63578	0.129588	0.0272134	0.00810185	-0.00182002	
7.80158	7.63814	0.163444	0.0343231	0.00810185	0.00639877	
7.80412	7.6452	0.15892	0.0333732	0.00810185	-0.00085499	
7.82158	7.64834	0.173241	0.0363806	0.00810185	0.00270673	
7.85023	7.65638	0.193851	0.0407088	0.00810185	0.00389535	
7.85157	7.66971	0.181859	0.0381905	0.00810185	-0.00226648	
7.86175	7.68972	0.172033	0.036127	0.00810185	-0.00185715	
7.89606	7.70482	0.191237	0.0401599	0.00810185	0.00362958	
7.90429	7.70719	0.197102	0.0413913	0.00810185	0.00110832	
7.91781	7.71778	0.200027	0.0420056	0.00810185	0.00055281	
7.92997	7.74502	0.184948	0.0388391	0.00810185	-0.00284984	
7.94329	7.75169	0.191603	0.0402366	0.00810185	0.00125775	
7.95643	7.77562	0.180806	0.0379693	0.00810185	-0.00204055	
7.96957	7.79562	0.173954	0.0365302	0.00810185	-0.00129515	
7.9937	7.8013	0.192396	0.0404032	0.00810185	0.00348566	
8.00548	7.81817	0.18731	0.039335	0.00810185	-0.000961334	
8.01292	7.84386	0.169059	0.0355024	0.00810185	-0.00344934	
8.02981	7.85641	0.173395	0.036413	0.00810185	0.000819481	
8.04806	7.87308	0.174978	0.0367454	0.00810185	0.000299206	
8.05905	7.88466	0.174393	0.0366226	0.00810185	-0.00011058	
8.08222	7.89485	0.187368	0.0393474	0.00810185	0.00245232	
8.09026	7.90682	0.183444	0.0385233	0.00810185	-0.000741616	
8.10517	7.92546	0.179715	0.0377402	0.00810185	-0.000704846	
8.12284	7.93349	0.18935	0.0397634	0.00810185	0.00182092	
8.13421	7.94329	0.190916	0.0400924	0.00810185	0.000296051	
8.1509	7.95193	0.198969	0.0417835	0.00810185	0.00152198	
8.16011	7.96703	0.193077	0.0405461	0.00810185	-0.00111364	
8.18485	7.98194	0.202908	0.0426106	0.00810185	0.00185805	
8.20252	7.99471	0.207812	0.0436405	0.00810185	0.000926907	
8.20977	8.01057	0.199196	0.0418311	0.00810185	-0.00162842	
8.24255	8.02217	0.220385	0.0462808	0.00810185	0.00400467	
8.25494	8.03315	0.221788	0.0465756	0.00810185	0.00026532	
8.26612	8.05866	0.207456	0.0435657	0.00810185	-0.00270889	
8.29305	8.07063	0.222418	0.0467077	0.00810185	0.00282786	
8.30684	8.082	0.224836	0.0472156	0.00810185	0.0004571	
8.32036	8.09944	0.220922	0.0463935	0.00810185	-0.000739903	
8.33977	8.12789	0.211876	0.0444939	0.00810185	-0.00170962	
8.34838	8.13436	0.21402	0.0449442	0.00810185	0.000405189	
8.36681	8.15909	0.207725	0.0436222	0.00810185	-0.00118979	
8.36976	8.17891	0.190854	0.0400794	0.00810185	-0.00318852	
8.38792	8.19107	0.196855	0.0413395	0.00810185	0.0011341	
8.3934	8.21776	0.175643	0.036885	0.00810185	-0.004009	
8.39736	8.23935	0.158008	0.0331816	0.00810185	-0.00333308	
8.41595	8.24876	0.167191	0.03511	0.00810185	0.00173557	
8.42222	8.26466	0.157564	0.0330885	0.00810185	-0.00181939	
8.42951	8.27821	0.1513	0.0317731	0.00810185	-0.00118385	
8.43257	8.2874	0.145173	0.0304863	0.00810185	-0.00115807	
8.42921	8.30662	0.122589	0.0257437	0.00810185	-0.00426837	
8.4296	8.31112	0.118481	0.0248809	0.00810185	-0.000776493	
8.4468	8.32151	0.125292	0.0263113	0.00810185	0.00128731	
8.44798	8.32448	0.123499	0.0259348	0.00810185	-0.00033886	
8.45131	8.32271	0.128602	0.0270064	0.00810185	0.000964488	
8.4505	8.32898	0.12152	0.0255192	0.00810185	-0.0013385	
8.45835	8.32942	0.12893	0.0270753	0.00810185	0.0014005	
8.4503	8.33705	0.113247	0.0237819	0.00810185	-0.00296412	
8.4611	8.33747	0.123634	0.0259632	0.00810185	0.00196322	
8.46229	8.33294	0.129354	0.0271644	0.00810185	0.00108111	
8.46679	8.33056	0.136229	0.028608	0.00810185	0.0012992	
8.46445	8.33588	0.128569	0.0269994	0.00810185	-0.00144772	
8.46091	8.33607	0.124839	0.0262162	0.00810185	-0.000704936	
8.46229	8.33294	0.129354	0.0271644	0.00810185	0.000853457	
8.47156	8.32882	0.142741	0.0299757	0.00810185	0.00253009	
8.47292	8.33002	0.142898	0.0300085	0.00810185	2.95601e-05	
8.46469	8.32904	0.135649	0.0284862	0.00810185	-0.00137004	
8.47102	8.33512	0.135898	0.0285385	0.00810185	4.70438e-05	
8.47827	8.33452	0.14375	0.0301875	0.00810185	0.00148413	
8.48065	8.33493	0.145718	0.0306007	0.00810185	0.000371844	
8.48499	8.33822	0.146766	0.0308208	0.00810185	0.000198089	
8.48182	8.33199	0.149834	0.0314651	0.00810185	0.000579846	
8.48423	8.32961	0.15462	0.0324702	0.00810185	0.000904647	
8.47913	8.3304	0.148727	0.0312328	0.00810185	-0.00111373	
8.47913	8.33965	0.139477	0.0292901	0.00810185	-0.00174837	
8.47941	8.34887	0.130542	0.0274138	0.00810185	-0.00168871	
8.48643	8.34751	0.138922	0.0291736	0.00810185	0.00158381	
8.49761	8.34086	0.15675	0.0329174	0.00810185	0.00336949	
8.49236	8.33848	0.153878	0.0323144	0.00810185	-0.000542716	
8.48563	8.33754	0.148093	0.0310996	0.00810185	-0.00109336	
8.48923	8.34619	0.143043	0.0300389	0.00810185	-0.000954575	
8.4919	8.34792	0.143977	0.0302352	0.00810185	0.00017664	
8.49031	8.34789	0.142424	0.029909	0.00810185	-0.000293618	
8.49504	8.35302	0.142017	0.0298236	0.00810185	-7.67841e-05	
8.4942	8.35091	0.14329	0.0300908	0.00810185	0.000240446	
8.49541	8.35536	0.140046	0.0294097	0.00810185	-0.000613011	
8.4984	8.35691	0.141486	0.0297121	0.00810185	0.000272169	
8.4936	8.3585	0.135101	0.0283713	0.00810185	-0.00120674	
8.49322	8.3591	0.134117	0.0281646	0.00810185	-0.000186012	
8.48223	8.35748	0.124749	0.0261973	0.00810185	-0.00177054	
8.47358	8.36027	0.113306	0.0237943	0.00810185	-0.00216275	
8.46516	8.36424	0.100918	0.0211927	0.00810185	-0.00234138	
8.44911	8.36277	0.08634	0.0181314	0.00810185	-0.00275522	
8.43948	8.36126	0.0782232	0.0164269	0.00810185	-0.00153406	
8.43185	8.35695	0.0748997	0.0157289	0.00810185	-0.000628152	
8.39143	8.35597	0.0354614	0.0074469	0.00810185	-0.00745383	
8.38203	8.35264	0.0293846	0.00617077	0.00810185	-0.00114852	
8.38577	8.3446	0.0411692	0.00864552	0.00810185	0.00222728	
8.34241	8.3307	0.0117073	0.00245853	0.00810185	-0.00556829	
8.33927	8.3301	0.00917244	0.00192621	0.00810185	-0.00047909	
8.3222	8.31639	0.00581074	0.00122025	0.00810185	-0.000635362	
8.30419	8.2995	0.0046854	0.000983934	0.00810185	-0.000212688	
8.27265	8.29108	-0.0184326	-0.00387085	0.00799433	-0.00436931	
8.25966	8.27341	-0.0137453	-0.00288651	0.00791415	0.000885901	
8.24651	8.25067	-0.00415897	-0.000873384	0.00788989	0.00181182	
8.22321	8.23341	-0.0101967	-0.0021413	0.00783041	-0.00114113	
8.2061	8.21577	-0.0096693	-0.00203055	0.007774	9.96752e-05	
8.18748	8.19734	-0.00985909	-0.00207041	0.00771649	-3.58686e-05	
8.16614	8.16244	0.00369835	0.000776653	0.00773806	0.00256236	
8.13177	8.14831	-0.0165443	-0.00347431	0.00764156	-0.00382587	
8.13434	8.1246	0.00974369	0.00204617	0.00769839	0.00496844	
8.1218	8.08577	0.0360298	0.00756626	0.00790857	0.00496808	
8.08475	8.05906	0.0256863	0.00539412	0.0080584	-0.00195493	
8.07557	8.04139	0.0341835	0.00717854	0.00810185	0.00160598	
8.06224	8.01892	0.0433159	0.00909634	0.00810185	0.00172602	
8.03497	7.98206	0.0529079	0.0111107	0.00810185	0.0018129	
8.02379	7.97182	0.0519705	0.0109138	0.00810185	-0.00017718	
8.02201	7.9498	0.0722141	0.015165	0.00810185	0.00382605	
7.9839	7.91756	0.0663447	0.0139324	0.00810185	-0.00110931	
7.97571	7.91171	0.0640001	0.01344	0.00810185	-0.000443131	
7.96883	7.89772	0.0711088	0.0149329	0.00810185	0.00134354	
7.94844	7.87653	0.071909	0.0151009	0.00810185	0.000151225	
7.93763	7.86638	0.0712495	0.0149624	0.00810185	-0.000124639	
7.93272	7.84201	0.0907111	0.0190493	0.00810185	0.00367825	
7.91166	7.83303	0.0786328	0.0165129	0.00810185	-0.0022828	
7.89904	7.82854	0.0705028	0.0148056	0.00810185	-0.00153658	
7.89904	7.80599	0.093049	0.0195403	0.00810185	0.00426125	
7.8734	7.7891	0.0842972	0.0177024	0.00810185	-0.0016541	
7.86059	7.77951	0.0810752	0.0170258	0.00810185	-0.000608956	
7.84941	7.77072	0.0786867	0.0165242	0.00810185	-0.000451422	
7.83537	7.76427	0.0710998	0.0149309	0.00810185	-0.00143393	
7.81806	7.75033	0.0677314	0.0142236	0.00810185	-0.000636623	
7.80903	7.74056	0.0684743	0.0143796	0.00810185	0.00014041	
7.77418	7.72301	0.0511742	0.0107466	0.00810185	-0.00326972	
7.75627	7.71599	0.040278	0.00845837	0.00810185	-0.00205938	
7.72942	7.70664	0.0227757	0.00478289	0.00810185	-0.00330794	
7.71416	7.69018	0.0239797	0.00503573	0.00810185	0.000227559	
7.70004	7.66801	0.0320344	0.00672722	0.00810185	0.00152234	
7.67375	7.6602	0.0135493	0.00284536	0.00810185	-0.00349368	
7.6628	7.64724	0.0155597	0.00326753	0.00810185	0.000379955	
7.64203	7.62549	0.0165372	0.00347281	0.00810185	0.000184751	
7.612	7.61142	0.000576496	0.000121064	0.00810185	-0.00301657	
7.60008	7.59766	0.00241613	0.000507388	0.00810185	0.000347692	
7.58216	7.56523	0.0169277	0.00355482	0.00810185	0.00274269	
7.54516	7.55369	-0.00852585	-0.00179043	0.00805212	-0.00481072	
7.5352	7.54207	-0.00687218	-0.00144316	0.00801203	0.000312544	
7.5185	7.51603	0.00247049	0.000518804	0.00802644	0.00176576	
7.4847	7.4933	-0.00860262	-0.00180655	0.00797626	-0.00209282	
7.47173	7.47163	9.77516e-05	2.05278e-05	0.00797683	0.00164437	
7.45761	7.45696	0.000653267	0.000137186	0.00798064	0.000104992	
7.42739	7.41071	0.0166821	0.00350325	0.00807795	0.00302946	
7.41081	7.40489	0.00592422	0.00124409	0.00810185	-0.00203325	
7.3957	7.36159	0.0341096	0.00716301	0.00810185	0.00532703	
7.36599	7.34184	0.0241494	0.00507138	0.00810185	-0.00188247	
7.35212	7.32411	0.0280051	0.00588108	0.00810185	0.000728728	
7.32662	7.29781	0.0288095	0.00605	0.00810185	0.000152036	
7.30014	7.28252	0.0176244	0.00370112	0.00810185	-0.002114	
7.28466	7.26946	0.0151997	0.00319193	0.00810185	-0.000458272	
7.26731	7.2378	0.0295067	0.0061964	0.00810185	0.00270403	
7.23905	7.22617	0.0128789	0.00270457	0.00810185	-0.00314265	
7.22152	7.21857	0.00294828	0.00061914	0.00810185	-0.00187689	
7.20515	7.19444	0.0107069	0.00224845	0.00810185	0.00146638	
7.18753	7.17655	0.0109811	0.00230603	0.00810185	5.18203e-05	
7.17	7.14611	0.0238891	0.0050167	0.00810185	0.00243961	
7.14075	7.1369	0.00384951	0.000808396	0.00810185	-0.00378748	
7.13726	7.12028	0.0169849	0.00356684	0.00810185	0.0024826	
7.11535	7.097	0.018353	0.00385413	0.00810185	0.000258561	
7.08504	7.07669	0.00834751	0.00175298	0.00810185	-0.00189103	
7.06303	7.06222	0.000813961	0.000170932	0.00810185	-0.00142384	
7.05695	7.04737	0.00958204	0.00201223	0.00810185	0.00165717	
7.01725	7.01393	0.00331545	0.000696244	0.00810185	-0.00118439	
7.00259	7.00702	-0.00443077	-0.000930462	0.00807601	-0.00146404	
6.99534	6.98416	0.0111756	0.00234688	0.00810185	0.00294961	
6.96335	6.96054	0.00281382	0.000590901	0.00810185	-0.00158038	
6.93804	6.95024	-0.0122018	-0.00256238	0.00803067	-0.00283795	
6.92616	6.92406	0.00209713	0.000440397	0.00804291	0.0027025	
6.90689	6.89157	0.0153179	0.00321676	0.00810185	0.00249873	
6.86982	6.87604	-0.00621939	-0.00130607	0.00806557	-0.00407055	
6.84185	6.85528	-0.0134268	-0.00281962	0.00798725	-0.0013622	
6.8219	6.8294	-0.00749683	-0.00157434	0.00794352	0.00112076	
6.80218	6.79565	0.00653362	0.00137206	0.00798163	0.00265176	
6.76725	6.78645	-0.0192008	-0.00403217	0.00786963	-0.00486381	
6.76318	6.756	0.0071826	0.00150835	0.00791152	0.00498646	
6.72574	6.70962	0.0161152	0.00338419	0.00800553	0.00168826	
6.66991	6.69978	-0.0298657	-0.00627181	0.00783131	-0.0086904	
6.65747	6.66271	-0.00523996	-0.00110039	0.00780075	0.00465427	
6.60862	6.64935	-0.0407348	-0.0085543	0.00756313	-0.00670852	
6.57137	6.62204	-0.0506682	-0.0106403	0.00726756	-0.00187743	
6.54634	6.59468	-0.0483418	-0.0101518	0.00698557	0.000439706	
6.52197	6.55847	-0.0364976	-0.00766449	0.00677267	0.00223855	
6.47067	6.54347	-0.0728035	-0.0152887	0.00634798	-0.00686182	
6.44766	6.50823	-0.060575	-0.0127208	0.00599462	0.00231118	
6.40471	6.48043	-0.0757198	-0.0159012	0.00555293	-0.00286237	
6.37722	6.44855	-0.0713263	-0.0149785	0.00513686	0.000830386	
6.33903	6.42435	-0.0853243	-0.0179181	0.00463913	-0.00264563	
6.30525	6.39576	-0.0905142	-0.019008	0.00411113	-0.00098089	
6.27883	6.35044	-0.0716128	-0.0150387	0.00369339	0.00357235	
6.2466	6.32422	-0.0776191	-0.0163	0.00324061	-0.00113518	
6.20199	6.3012	-0.0992112	-0.0208344	0.00266188	-0.00408091	
6.19567	6.27043	-0.0747566	-0.0156989	0.0022258	0.00462192	
6.15782	6.2192	-0.0613842	-0.0128907	0.00186772	0.00252739	
6.10422	6.20707	-0.102848	-0.021598	0.00126778	-0.00783658	
6.09317	6.17738	-0.0842128	-0.0176847	0.000776539	0.00352198	
6.06516	6.1242	-0.0590401	-0.0123984	0.000432139	0.00475764	
6.0259	6.11207	-0.0861683	-0.0180953	-7.05095e-05	-0.00512723	
6.0259	6.08391	-0.0580115	-0.0121824	-0.00040891	0.00532163	
5.99392	6.03034	-0.0364161	-0.00764737	-0.000621337	0.00408155	
5.95754	6.01522	-0.0576782	-0.0121124	-0.000957793	-0.00401855	
5.95497	5.99014	-0.0351691	-0.00738552	-0.00116295	0.00425422	
5.93987	5.94725	-0.00738335	-0.0015505	-0.00120602	0.00525151	
5.90781	5.91227	-0.00445509	-0.000935569	-0.001232	0.000553441	
5.89121	5.89499	-0.00377798	-0.000793376	-0.00125404	0.000127974	
5.86473	5.85994	0.00479078	0.00100606	-0.0012261	0.0016195	
5.83115	5.81094	0.0202084	0.00424376	-0.00110821	0.00291392	
5.81457	5.79583	0.0187426	0.00393594	-0.000998882	-0.000277036	
5.80226	5.75705	0.0452147	0.00949508	-0.00073513	0.00500323	
5.77704	5.71818	0.0588579	0.0123602	-0.000391792	0.00257858	
5.7575	5.70082	0.0566769	0.0119021	-6.11774e-05	-0.000412219	
5.74539	5.67443	0.0709572	0.014901	0.00035274	0.00269898	
5.73587	5.63771	0.0981607	0.0206138	0.000925344	0.00514147	
5.7102	5.62062	0.0895805	0.0188119	0.0014479	-0.00162166	
5.69706	5.59694	0.100122	0.0210257	0.00203194	0.00199242	
5.67725	5.58083	0.0964236	0.020249	0.00259442	-0.000699078	
5.67034	5.57593	0.0944118	0.0198265	0.00314515	-0.000380226	
5.65569	5.56535	0.0903416	0.0189717	0.00367214	-0.000769283	
5.63996	5.55337	0.0865855	0.018183	0.00417723	-0.000709893	
5.6305	5.54795	0.082552	0.0173359	0.00465878	-0.000762344	
5.62393	5.54432	0.079608	0.0167177	0.00512316	-0.000556415	
5.6175	5.53059	0.086905	0.0182501	0.0056301	0.00137914	
5.60869	5.53126	0.0774312	0.0162606	0.00608179	-0.00179055	
5.60023	5.52846	0.0717669	0.015071	0.00650043	-0.00107056	
5.6008	5.52266	0.0781393	0.0164093	0.00695624	0.00120439	
5.60197	5.52497	0.0770049	0.016171	0.00740543	-0.000214401	
5.60164	5.52387	0.0777721	0.0163321	0.00785911	0.000145007	
5.60562	5.51616	0.0894642	0.0187875	0.00810185	0.0022098	
5.61004	5.52258	0.0874591	0.0183664	0.00810185	-0.000378964	
5.61633	5.52612	0.0902133	0.0189448	0.00810185	0.000520546	
5.62679	5.5287	0.0980868	0.0205982	0.00810185	0.0014881	
5.64012	5.52257	0.117545	0.0246845	0.00810185	0.00367762	
5.64722	5.52017	0.127055	0.0266815	0.00810185	0.00179731	
5.64023	5.51972	0.120509	0.0253069	0.00810185	-0.00123711	
5.64915	5.52552	0.123631	0.0259625	0.00810185	0.00059003	
5.65652	5.53582	0.120701	0.0253472	0.00810185	-0.000553801	
5.66619	5.53902	0.127168	0.0267052	0.00810185	0.00122224	
5.67447	5.5492	0.125269	0.0263066	0.00810185	-0.000358777	
5.68006	5.55135	0.128707	0.0270286	0.00810185	0.000649781	
5.69213	5.5511	0.141026	0.0296154	0.00810185	0.00232813	
5.69059	5.55489	0.135696	0.0284962	0.00810185	-0.00100721	
5.6903	5.55816	0.132144	0.0277503	0.00810185	-0.00067132	
5.67769	5.56581	0.111875	0.0234938	0.00810185	-0.00383092	
5.67522	5.57134	0.103877	0.0218141	0.00810185	-0.00151171	
5.66601	5.57306	0.0929475	0.019519	0.00810185	-0.0020656	
5.65002	5.57944	0.0705776	0.0148213	0.00810185	-0.0042279	
5.63656	5.58221	0.0543475	0.011413	0.00810185	-0.00306749	
5.62756	5.58263	0.0449257	0.00943439	0.00810185	-0.00178072	
5.61684	5.57956	0.0372787	0.00782852	0.00810185	-0.00144529	
5.59152	5.58062	0.0108995	0.0022889	0.00810185	-0.00498565	
5.58305	5.57314	0.0099144	0.00208202	0.00810185	-0.000186193	
5.58305	5.57314	0.0099144	0.00208202	0.00810185	0	
5.58305	5.57314	0.0099144	0.00208202	0.00810185	0	
5.58305	5.57314	0.0099144	0.00208202	0.00810185	0	
