4.9607	0.346554	4.61415	0.968971	0.00810185	0.872074	
4.9607	0.371981	4.58872	0.963631	0.00810185	-0.00480568	
4.9607	0.408006	4.55269	0.956066	0.00810185	-0.00680873	
4.9607	0.441947	4.51875	0.948938	0.00810185	-0.00641481	
4.96811	0.488636	4.47947	0.94069	0.00810185	-0.00742373	
4.96811	0.583552	4.38456	0.920757	0.00810185	-0.0179391	
4.96811	0.734636	4.23347	0.88903	0.00810185	-0.0285549	
4.96811	0.862597	4.10551	0.862158	0.00810185	-0.0241847	
4.9818	1.00211	3.97969	0.835734	0.00810185	-0.0237813	
4.9818	1.29961	3.68219	0.773261	0.00810185	-0.0562259	
4.9882	1.46044	3.52776	0.74083	0.00810185	-0.029188	
5.00244	1.59431	3.40813	0.715708	0.00810185	-0.0226099	
5.00244	1.72869	3.27375	0.687488	0.00810185	-0.0253972	
5.00888	1.77566	3.23322	0.678976	0.00810185	-0.00766111	
5.02302	1.81723	3.20579	0.673217	0.00810185	-0.00518338	
5.02302	1.87151	3.1515	0.661816	0.00810185	-0.0102607	
5.02796	1.89775	3.13021	0.657345	0.00810185	-0.00402432	
5.04496	1.91894	3.12602	0.656464	0.00810185	-0.000792084	
5.04907	1.94498	3.10409	0.651859	0.00810185	-0.00414526	
5.07002	1.95549	3.11453	0.654052	0.00810185	0.00197404	
5.07654	1.95452	3.12202	0.655624	0.00810185	0.00141469	
5.07654	1.96337	3.11317	0.653765	0.00810185	-0.00167253	
5.09637	1.9661	3.13027	0.657356	0.00810185	0.00323151	
5.09637	1.96674	3.12963	0.657222	0.00810185	-0.000120674	
5.10124	1.97107	3.13017	0.657335	0.00810185	0.000101748	
5.11482	1.97437	3.14045	0.659495	0.00810185	0.00194425	
5.1316	1.97635	3.15525	0.662603	0.00810185	0.00279658	
5.1316	1.97066	3.16094	0.663798	0.00810185	0.00107574	
5.14007	1.96435	3.17572	0.666901	0.00810185	0.00279262	
5.1528	1.96141	3.19139	0.670191	0.00810185	0.00296124	
5.1528	1.94873	3.20407	0.672856	0.00810185	0.00239802	
5.17123	1.94004	3.23119	0.678549	0.00810185	0.00512439	
5.17123	1.93433	3.2369	0.679749	0.00810185	0.00108002	
5.18544	1.92088	3.26456	0.685557	0.00810185	0.00522713	
5.19845	1.91237	3.28608	0.690077	0.00810185	0.00406753	
5.20247	1.89887	3.3036	0.693755	0.00810185	0.00331077	
5.21018	1.89243	3.31775	0.696728	0.00810185	0.00267501	
5.22257	1.88536	3.33721	0.700814	0.00810185	0.00367802	
5.22912	1.87333	3.35579	0.704716	0.00810185	0.00351161	
5.23513	1.86198	3.37315	0.708362	0.00810185	0.00328144	
5.24547	1.84938	3.39609	0.713178	0.00810185	0.00433452	
5.25129	1.83726	3.41403	0.716946	0.00810185	0.00339121	
5.26597	1.82802	3.43795	0.721969	0.00810185	0.00452089	
5.26597	1.81814	3.44783	0.724044	0.00810185	0.00186733	
5.28168	1.80747	3.47421	0.729583	0.00810185	0.00498516	
5.286	1.79966	3.48634	0.732131	0.00810185	0.00229311	
5.29174	1.79044	3.5013	0.735273	0.00810185	0.00282758	
5.29795	1.78621	3.51174	0.737466	0.00810185	0.0019735	
5.31404	1.77915	3.53489	0.742327	0.00810185	0.00437525	
5.31404	1.77415	3.53989	0.743377	0.00810185	0.000945112	
5.32959	1.76359	3.566	0.748859	0.00810185	0.00493379	
5.33629	1.75514	3.58115	0.752042	0.00810185	0.00286481	
5.33629	1.74949	3.5868	0.753227	0.00810185	0.00106619	
5.35959	1.76501	3.59458	0.754862	0.00810185	0.00147179	
5.36873	1.82508	3.54365	0.744166	0.00810185	-0.00962677	
5.37919	1.87952	3.49967	0.73493	0.00810185	-0.00831251	
5.38699	2.05353	3.33346	0.700026	0.00810185	-0.0314136	
5.40684	2.2084	3.19844	0.671672	0.00810185	-0.0255188	
5.41706	2.39506	3.022	0.63462	0.00810185	-0.0333462	
5.43467	2.52167	2.913	0.61173	0.00810185	-0.0206015	
5.457	2.91203	2.54497	0.534443	0.00810185	-0.0695578	
5.457	3.02087	2.43613	0.511588	0.00810185	-0.0205699	
5.48941	3.39928	2.09013	0.438926	0.00810185	-0.0653954	
5.52648	3.66934	1.85714	0.389999	0.00810185	-0.0440343	
5.52648	3.83188	1.6946	0.355865	0.00810185	-0.0307205	
5.55644	4.31194	1.2445	0.261345	0.00810185	-0.0850686	
5.57837	4.52053	1.05784	0.222146	0.00810185	-0.0352793	
5.59418	4.62094	0.973237	0.20438	0.00810185	-0.0159892	
5.60867	4.96463	0.644042	0.135249	0.00810185	-0.0622179	
5.64748	5.24321	0.404266	0.0848958	0.00810185	-0.0453177	
5.66673	5.37472	0.292007	0.0613216	0.00810185	-0.0212168	
5.67877	5.61303	0.065742	0.0138058	0.00810185	-0.0427642	
5.70718	5.77638	-0.0692024	-0.0145325	0.00769817	-0.0255045	
5.72805	5.83862	-0.110567	-0.023219	0.0070532	-0.00781783	
5.736	5.92205	-0.18605	-0.0390705	0.00596791	-0.0142663	
5.77086	5.95738	-0.18652	-0.0391691	0.00487988	-8.87704e-05	
5.78388	5.96728	-0.183399	-0.0385137	0.00381005	0.00058985	
5.79288	5.98142	-0.188537	-0.0395928	0.00271025	-0.000971157	
5.81435	5.98425	-0.169899	-0.0356789	0.00171917	0.00352252	
5.8356	5.98145	-0.145852	-0.0306288	0.000868369	0.00454504	
5.84148	5.96174	-0.120255	-0.0252536	0.000166879	0.00483767	
5.86526	5.94135	-0.0760942	-0.0159798	-0.000277003	0.00834649	
5.87411	5.93024	-0.0561256	-0.0117864	-0.000604403	0.00377405	
5.87745	5.90239	-0.0249414	-0.0052377	-0.000749895	0.00589381	
5.89254	5.88574	0.00679827	0.00142764	-0.000710238	0.00599881	
5.90198	5.87398	0.0280013	0.00588027	-0.000546897	0.00400737	
5.90659	5.8487	0.0578899	0.0121569	-0.000209206	0.00564895	
5.91001	5.81031	0.0996995	0.0209369	0.000372374	0.00790201	
5.91737	5.78976	0.127607	0.0267974	0.00111675	0.00527449	
5.92205	5.75963	0.162416	0.0341075	0.00206418	0.00657901	
5.92993	5.7436	0.186332	0.0391298	0.00315112	0.00452008	
5.93127	5.73341	0.197861	0.0415508	0.00430531	0.00217898	
5.941	5.72687	0.214132	0.0449678	0.00555441	0.00307524	
5.9468	5.72263	0.224168	0.0470752	0.00686206	0.00189671	
5.95781	5.72993	0.227885	0.0478558	0.00810185	0.000702503	
5.96182	5.75015	0.211668	0.0444503	0.00810185	-0.00306497	
5.97669	5.76678	0.209906	0.0440802	0.00810185	-0.000333092	
5.97491	5.78227	0.192643	0.0404551	0.00810185	-0.0032626	
5.98602	5.80915	0.176874	0.0371435	0.00810185	-0.00298043	
5.98554	5.82278	0.162756	0.0341789	0.00810185	-0.00266816	
5.98747	5.82825	0.159222	0.0334366	0.00810185	-0.000667986	
5.98845	5.86667	0.121783	0.0255744	0.00810185	-0.00707604	
5.98485	5.8838	0.101054	0.0212214	0.00810185	-0.0039177	
5.9808	5.89191	0.0888934	0.0186676	0.00810185	-0.00229839	
5.98339	5.91938	0.0640073	0.0134415	0.00810185	-0.00470348	
5.98351	5.92622	0.057291	0.0120311	0.00810185	-0.00126937	
5.98152	5.93024	0.0512838	0.0107696	0.00810185	-0.00113536	
5.97787	5.93956	0.0383139	0.00804591	0.00810185	-0.00245132	
5.96413	5.93782	0.0263066	0.00552439	0.00810185	-0.00226937	
5.96228	5.93999	0.0222869	0.00468025	0.00810185	-0.00075973	
5.95419	5.9311	0.0230851	0.00484787	0.00810185	0.000150865	
5.95054	5.9271	0.0234423	0.00492288	0.00810185	6.75015e-05	
5.94955	5.92242	0.0271258	0.00569643	0.00810185	0.000696194	
5.95001	5.89987	0.0501437	0.0105302	0.00810185	0.00435038	
5.93139	5.89239	0.0389996	0.00818991	0.00810185	-0.00210625	
5.922	5.88633	0.0356727	0.00749126	0.00810185	-0.000628783	
5.90762	5.87861	0.0290127	0.00609266	0.00810185	-0.00125874	
5.90473	5.86765	0.0370831	0.00778746	0.00810185	0.00152532	
5.90387	5.86256	0.0413089	0.00867486	0.00810185	0.000798663	
5.89434	5.84218	0.0521646	0.0109546	0.00810185	0.00205172	
5.86494	5.81688	0.0480585	0.0100923	0.00810185	-0.000776042	
5.85693	5.81374	0.0431924	0.0090704	0.00810185	-0.000919697	
5.85365	5.80007	0.0535793	0.0112517	0.00810185	0.00196313	
5.82884	5.79704	0.0317984	0.00667766	0.00810185	-0.0041166	
5.82242	5.79367	0.028749	0.00603729	0.00810185	-0.000576332	
5.81845	5.77469	0.0437589	0.00918936	0.00810185	0.00283687	
5.79335	5.76699	0.0263586	0.00553531	0.00810185	-0.00328865	
5.78968	5.75462	0.0350566	0.00736188	0.00810185	0.00164392	
5.76681	5.7479	0.0189118	0.00397149	0.00810185	-0.00305136	
5.76107	5.74421	0.0168586	0.0035403	0.00810185	-0.000388066	
5.75986	5.7287	0.0311599	0.00654357	0.00810185	0.00270295	
5.75734	5.71438	0.0429554	0.00902063	0.00810185	0.00222935	
5.75656	5.71026	0.0462952	0.00972198	0.00810185	0.000631216	
5.75947	5.69356	0.0659127	0.0138417	0.00810185	0.00370772	
5.75966	5.689	0.0706582	0.0148382	0.00810185	0.000896896	
5.75779	5.68217	0.0756221	0.0158806	0.00810185	0.000938172	
5.7638	5.68012	0.0836821	0.0175732	0.00810185	0.00152334	
5.76032	5.67437	0.0859523	0.01805	0.00810185	0.000429072	
5.75741	5.67241	0.0850029	0.0178506	0.00810185	-0.000179433	
5.75902	5.67546	0.0835567	0.0175469	0.00810185	-0.000273341	
5.76794	5.66609	0.10185	0.0213884	0.00810185	0.00345736	
5.76794	5.66292	0.105016	0.0220533	0.00810185	0.000598412	
5.77707	5.6691	0.107975	0.0226748	0.00810185	0.000559298	
5.7797	5.6685	0.111204	0.0233529	0.00810185	0.000610308	
5.783	5.66916	0.113841	0.0239065	0.00810185	0.000498286	
5.78737	5.67005	0.117324	0.0246381	0.00810185	0.000658433	
5.79654	5.6804	0.116143	0.02439	0.00810185	-0.000223323	
5.80315	5.68512	0.118033	0.024787	0.00810185	0.000357335	
5.80174	5.69393	0.107811	0.0226404	0.00810185	-0.00193195	
5.81385	5.69982	0.11403	0.0239463	0.00810185	0.00117528	
5.81722	5.69687	0.120346	0.0252727	0.00810185	0.00119376	
5.82546	5.70589	0.119572	0.0251102	0.00810185	-0.000146268	
5.82799	5.71142	0.116569	0.0244794	0.00810185	-0.00056768	
5.84029	5.7181	0.122194	0.0256608	0.00810185	0.00106326	
5.84258	5.73362	0.108963	0.0228822	0.00810185	-0.00250071	
5.85117	5.73927	0.111903	0.0234996	0.00810185	0.000555603	
5.85663	5.74756	0.109066	0.0229039	0.00810185	-0.000536137	
5.86161	5.75445	0.107155	0.0225026	0.00810185	-0.00036112	
5.8683	5.7595	0.108803	0.0228486	0.00810185	0.000311372	
5.87005	5.7686	0.101447	0.0213039	0.00810185	-0.00139023	
5.87576	5.77347	0.102295	0.0214819	0.00810185	0.000160237	
5.87967	5.77892	0.100752	0.021158	0.00810185	-0.000291545	
5.88502	5.78842	0.0965953	0.020285	0.00810185	-0.000785685	
5.89267	5.78968	0.102994	0.0216288	0.00810185	0.00120944	
5.89376	5.79483	0.0989294	0.0207752	0.00810185	-0.000768292	
5.89822	5.805	0.0932231	0.0195768	0.00810185	-0.00107849	
5.90512	5.8105	0.0946202	0.0198702	0.00810185	0.000264058	
5.90998	5.8205	0.0894837	0.0187916	0.00810185	-0.000970797	
5.914	5.82285	0.0911527	0.0191421	0.00810185	0.000315428	
5.9152	5.82714	0.0880651	0.0184937	0.00810185	-0.000583541	
5.91563	5.82892	0.0867076	0.0182086	0.00810185	-0.000256578	
5.91428	5.83392	0.080359	0.0168754	0.00810185	-0.00119989	
5.91789	5.841	0.0768919	0.0161473	0.00810185	-0.000655279	
5.92395	5.84323	0.0807223	0.0169517	0.00810185	0.000723952	
5.92888	5.85112	0.0777631	0.0163302	0.00810185	-0.000559298	
5.93029	5.85533	0.0749631	0.0157422	0.00810185	-0.000529198	
5.93691	5.86177	0.0751424	0.0157799	0.00810185	3.3886e-05	
5.9414	5.86176	0.0796375	0.0167239	0.00810185	0.000849582	
5.94707	5.86643	0.0806432	0.0169351	0.00810185	0.000190068	
5.94951	5.8731	0.0764117	0.0160465	0.00810185	-0.000799745	
5.95985	5.86723	0.092617	0.0194496	0.00810185	0.0030628	
5.9672	5.87441	0.0927896	0.0194858	0.00810185	3.26242e-05	
5.97296	5.87505	0.0979066	0.0205604	0.00810185	0.000967102	
5.97699	5.8802	0.0967898	0.0203259	0.00810185	-0.000211066	
5.98051	5.88569	0.0948219	0.0199126	0.00810185	-0.000371934	
5.99133	5.88983	0.101503	0.0213157	0.00810185	0.00126279	
5.99329	5.89166	0.101626	0.0213415	0.00810185	2.32515e-05	
5.9922	5.90399	0.0882139	0.0185249	0.00810185	-0.00253496	
6.00034	5.90568	0.0946598	0.0198786	0.00810185	0.00121827	
5.99844	5.90797	0.0904679	0.0189983	0.00810185	-0.000792264	
6.00147	5.90727	0.0942044	0.0197829	0.00810185	0.000706198	
6.00848	5.91257	0.0959058	0.0201402	0.00810185	0.000321556	
6.01009	5.91477	0.0953197	0.0200171	0.00810185	-0.00011076	
6.01202	5.92014	0.0918808	0.019295	0.00810185	-0.000649961	
6.01789	5.92574	0.0921469	0.0193508	0.00810185	5.02882e-05	
6.02279	5.92502	0.0977693	0.0205315	0.00810185	0.00106263	
6.02374	5.92882	0.094924	0.019934	0.00810185	-0.000537759	
6.02626	5.93156	0.0946994	0.0198869	0.00810185	-4.24476e-05	
6.03366	5.93408	0.0995789	0.0209116	0.00810185	0.000922221	
6.03303	5.93983	0.0931954	0.019571	0.00810185	-0.00120647	
6.03916	5.93895	0.100214	0.0210449	0.00810185	0.00132651	
6.04532	5.93842	0.106897	0.0224483	0.00810185	0.00126306	
6.04316	5.94433	0.0988259	0.0207534	0.00810185	-0.00152541	
6.04645	5.94775	0.0987024	0.0207275	0.00810185	-2.33417e-05	
6.04845	5.95102	0.0974331	0.0204609	0.00810185	-0.000239905	
6.05575	5.95759	0.0981617	0.020614	0.00810185	0.000137707	
6.05853	5.95922	0.0993094	0.020855	0.00810185	0.000216924	
6.06227	5.95928	0.102985	0.0216269	0.00810185	0.000694752	
6.06571	5.96033	0.105382	0.0221303	0.00810185	0.000453044	
6.06813	5.97342	0.0947113	0.0198894	0.00810185	-0.00201685	
6.07187	5.96645	0.105423	0.0221389	0.00810185	0.0020246	
6.0762	5.97041	0.105788	0.0222154	0.00810185	6.88534e-05	
6.07345	5.97782	0.0956345	0.0200832	0.00810185	-0.00191897	
6.09067	5.98086	0.109809	0.02306	0.00810185	0.00267906	
6.08849	5.98624	0.102252	0.021473	0.00810185	-0.00142826	
6.08714	5.9872	0.0999393	0.0209873	0.00810185	-0.000437183	
6.09074	5.98929	0.101454	0.0213053	0.00810185	0.000286228	
6.10773	6.00003	0.107702	0.0226175	0.00810185	0.00118096	
6.11196	6.00217	0.109787	0.0230553	0.00810185	0.000394014	
6.11019	6.00726	0.102935	0.0216163	0.00810185	-0.00129506	
6.11095	6.00488	0.106069	0.0222745	0.00810185	0.000592373	
6.1159	6.00576	0.110138	0.0231291	0.00810185	0.000769103	
6.11555	6.01271	0.102843	0.0215971	0.00810185	-0.00137878	
6.1216	6.01841	0.103188	0.0216695	0.00810185	6.51584e-05	
6.12287	6.01896	0.103909	0.021821	0.00810185	0.000136355	
6.1345	6.02094	0.11356	0.0238475	0.00810185	0.00182389	
6.13479	6.031	0.103791	0.0217962	0.00810185	-0.00184624	
6.14014	6.03218	0.107965	0.0226725	0.00810185	0.00078875	
6.14109	6.03953	0.101556	0.0213267	0.00810185	-0.00121124	
6.14512	6.04429	0.100827	0.0211736	0.00810185	-0.000137797	
6.15159	6.04107	0.110516	0.0232083	0.00810185	0.00183119	
6.15891	6.04228	0.116631	0.0244924	0.00810185	0.00115573	
6.15824	6.04889	0.109352	0.0229639	0.00810185	-0.00137563	
6.16341	6.05364	0.109772	0.0230521	0.00810185	7.93076e-05	
6.16875	6.06033	0.108419	0.022768	0.00810185	-0.000255677	
6.16868	6.07058	0.0981026	0.0206015	0.00810185	-0.00194979	
6.17824	6.0741	0.104137	0.0218688	0.00810185	0.0011405	
6.1842	6.07722	0.106984	0.0224666	0.00810185	0.00053803	
6.19086	6.08569	0.105173	0.0220864	0.00810185	-0.000342194	
6.1985	6.08881	0.109687	0.0230342	0.00810185	0.000853097	
6.19845	6.08659	0.111863	0.0234912	0.00810185	0.000411228	
6.20241	6.09779	0.10462	0.0219701	0.00810185	-0.00136896	
6.20867	6.10631	0.102363	0.0214962	0.00810185	-0.000426548	
6.21493	6.11085	0.10408	0.0218567	0.00810185	0.00032453	
6.2203	6.12121	0.0990863	0.0208081	0.00810185	-0.00094376	
6.23377	6.12662	0.107148	0.022501	0.00810185	0.00152361	
6.23645	6.1293	0.107153	0.0225021	0.00810185	9.91344e-07	
6.24225	6.14257	0.099679	0.0209326	0.00810185	-0.00141258	
6.25624	6.15027	0.105968	0.0222534	0.00810185	0.00118871	
6.2589	6.15434	0.104558	0.0219572	0.00810185	-0.000266582	
6.26701	6.16362	0.103393	0.0217124	0.00810185	-0.000220259	
6.28356	6.17144	0.112119	0.023545	0.00810185	0.00164933	
6.28906	6.17876	0.1103	0.0231629	0.00810185	-0.000343906	
6.29445	6.18534	0.109109	0.0229129	0.00810185	-0.000225035	
6.30083	6.20217	0.0986624	0.0207191	0.00810185	-0.0019744	
6.3098	6.20856	0.101235	0.0212594	0.00810185	0.0004863	
6.31009	6.22296	0.0871339	0.0182981	0.00810185	-0.00266518	
6.32959	6.22972	0.0998697	0.0209726	0.00810185	0.00240707	
6.33725	6.2391	0.0981488	0.0206113	0.00810185	-0.000325251	
6.3425	6.24703	0.0954747	0.0200497	0.00810185	-0.000505405	
6.34071	6.2476	0.0931106	0.0195532	0.00810185	-0.000446826	
6.337	6.25195	0.0850482	0.0178601	0.00810185	-0.00152379	
6.33351	6.26076	0.072752	0.0152779	0.00810185	-0.00232398	
6.32324	6.26388	0.0593586	0.0124653	0.00810185	-0.00253135	
6.32127	6.27464	0.0466256	0.00979138	0.00810185	-0.00240653	
6.31658	6.27591	0.0406661	0.00853988	0.00810185	-0.00112635	
6.31079	6.27636	0.0344253	0.0072293	0.00810185	-0.00117952	
6.30411	6.27695	0.027163	0.00570424	0.00810185	-0.00137256	
6.2932	6.27464	0.0185556	0.00389668	0.00810185	-0.0016268	
6.28793	6.27239	0.0155392	0.00326323	0.00810185	-0.000570113	
6.28046	6.25678	0.0236821	0.00497324	0.00810185	0.00153902	
6.2708	6.25248	0.0183182	0.00384682	0.00810185	-0.00101378	
6.26555	6.24777	0.0177784	0.00373346	0.00810185	-0.000102018	
6.2539	6.23446	0.0194383	0.00408204	0.00810185	0.000313715	
6.24918	6.22581	0.0233746	0.00490866	0.00810185	0.000743959	
6.24254	6.21585	0.0266876	0.0056044	0.00810185	0.000626169	
6.23925	6.19803	0.0412173	0.00865564	0.00810185	0.00274611	
6.2315	6.19371	0.0377917	0.00793626	0.00810185	-0.000647438	
6.22701	6.19053	0.0364799	0.00766079	0.00810185	-0.000247926	
6.22306	6.16567	0.057394	0.0120527	0.00810185	0.00395276	
6.22339	6.15981	0.0635772	0.0133512	0.00810185	0.00116861	
6.21589	6.15207	0.0638165	0.0134015	0.00810185	4.52414e-05	
6.22015	6.1415	0.0786476	0.016516	0.00810185	0.00280307	
6.21214	6.13417	0.0779729	0.0163743	0.00810185	-0.000127523	
6.21216	6.13153	0.0806298	0.0169323	0.00810185	0.000502161	
6.21173	6.12722	0.084506	0.0177463	0.00810185	0.000732604	
6.20956	6.12277	0.0867858	0.018225	0.00810185	0.000430874	
6.21409	6.12433	0.089756	0.0188488	0.00810185	0.000561371	
6.21297	6.11978	0.0931859	0.019569	0.00810185	0.000648249	
6.21389	6.11857	0.0953188	0.0200169	0.00810185	0.000403117	
6.21434	6.11047	0.103875	0.0218138	0.00810185	0.00161715	
6.21443	6.11447	0.0999584	0.0209913	0.00810185	-0.000740264	
6.21895	6.12079	0.0981627	0.0206142	0.00810185	-0.0003394	
6.21895	6.12413	0.0948191	0.019912	0.00810185	-0.000631937	
6.22621	6.12935	0.096859	0.0203404	0.00810185	0.000385543	
6.23295	6.12988	0.10307	0.0216447	0.00810185	0.00117384	
6.2415	6.12983	0.111672	0.0234511	0.00810185	0.0016258	
6.23484	6.13008	0.104764	0.0220005	0.00810185	-0.00130551	
6.23694	6.13996	0.0969768	0.0203651	0.00810185	-0.00147188	
6.24212	6.13878	0.103337	0.0217008	0.00810185	0.00120214	
6.24964	6.14264	0.107002	0.0224705	0.00810185	0.000692679	
6.25923	6.14794	0.111294	0.0233717	0.00810185	0.0008111	
6.26459	6.14836	0.116226	0.0244075	0.00810185	0.000932224	
6.26457	6.15092	0.113655	0.0238676	0.00810185	-0.000485939	
6.27157	6.15801	0.11356	0.0238475	0.00810185	-1.80244e-05	
6.28108	6.16103	0.120049	0.0252104	0.00810185	0.00122656	
6.28572	6.16852	0.117204	0.0246129	0.00810185	-0.000537759	
6.29263	6.17417	0.118464	0.0248775	0.00810185	0.000238193	
6.29908	6.18142	0.117662	0.024709	0.00810185	-0.000151676	
6.30499	6.186	0.118989	0.0249878	0.00810185	0.0002509	
6.30733	6.18593	0.121397	0.0254935	0.00810185	0.000455117	
6.32357	6.20349	0.120081	0.025217	0.00810185	-0.000248827	
6.33011	6.20311	0.126998	0.0266696	0.00810185	0.00130731	
6.32845	6.20865	0.119797	0.0251574	0.00810185	-0.00136094	
6.34096	6.21935	0.12161	0.025538	0.00810185	0.000342555	
6.35079	6.22817	0.122623	0.0257509	0.00810185	0.0001916	
6.36255	6.23197	0.130577	0.0274212	0.00810185	0.00150324	
6.36601	6.23595	0.130056	0.0273118	0.00810185	-9.84135e-05	
6.38091	6.246	0.134909	0.0283308	0.00810185	0.000917084	
6.39786	6.25748	0.140376	0.029479	0.00810185	0.00103334	
6.4032	6.26309	0.140108	0.0294227	0.00810185	-5.06487e-05	
6.40962	6.27	0.139616	0.0293195	0.00810185	-9.2916e-05	
6.42421	6.29046	0.133748	0.028087	0.00810185	-0.00110922	
6.44114	6.2936	0.14754	0.0309834	0.00810185	0.00260679	
6.44743	6.29866	0.148771	0.0312419	0.00810185	0.000232605	
6.45488	6.3205	0.134378	0.0282194	0.00810185	-0.00272025	
6.47473	6.33048	0.144249	0.0302924	0.00810185	0.00186571	
6.48662	6.33929	0.147329	0.0309391	0.00810185	0.000582009	
6.49488	6.35623	0.138654	0.0291174	0.00810185	-0.0016395	
6.50198	6.36405	0.137928	0.0289649	0.00810185	-0.000137256	
6.51272	6.36628	0.146443	0.0307531	0.00810185	0.0016094	
6.52294	6.38379	0.13915	0.0292215	0.00810185	-0.00137842	
6.53467	6.39276	0.141912	0.0298016	0.00810185	0.000522078	
6.53421	6.39733	0.136879	0.0287446	0.00810185	-0.00095133	
6.54228	6.41101	0.131269	0.0275665	0.00810185	-0.00106029	
6.55735	6.4173	0.140045	0.0294095	0.00810185	0.0016587	
6.56264	6.42183	0.140809	0.0295698	0.00810185	0.000144286	
6.56686	6.43384	0.133019	0.027934	0.00810185	-0.00147224	
6.58005	6.44415	0.135896	0.0285381	0.00810185	0.000543707	
6.58275	6.45099	0.131758	0.0276692	0.00810185	-0.000781991	
6.59017	6.46558	0.124591	0.0261642	0.00810185	-0.00135454	
6.6089	6.47103	0.137873	0.0289533	0.00810185	0.00251017	
6.61889	6.47467	0.144224	0.0302871	0.00810185	0.00120043	
6.62036	6.48897	0.131388	0.0275914	0.00810185	-0.00242609	
6.62892	6.4928	0.136117	0.0285846	0.00810185	0.000893832	
6.63537	6.49729	0.138078	0.0289963	0.00810185	0.000370583	
6.64233	6.51451	0.127817	0.0268415	0.00810185	-0.00193934	
6.65579	6.5215	0.134294	0.0282017	0.00810185	0.00122422	
6.66031	6.52777	0.132535	0.0278323	0.00810185	-0.000332461	
6.67266	6.54402	0.12864	0.0270143	0.00810185	-0.000736208	
6.68952	6.54597	0.143549	0.0301453	0.00810185	0.00281785	
6.68717	6.55205	0.135125	0.0283762	0.00810185	-0.00159219	
6.7009	6.56617	0.134725	0.0282923	0.00810185	-7.55224e-05	
6.71074	6.57735	0.133386	0.0280111	0.00810185	-0.000253063	
6.71838	6.5805	0.137877	0.0289543	0.00810185	0.000848861	
6.73012	6.59093	0.139194	0.0292306	0.00810185	0.000248737	
6.73269	6.5937	0.138988	0.0291875	0.00810185	-3.88427e-05	
6.74195	6.60044	0.141506	0.0297163	0.00810185	0.000475935	
6.74725	6.61917	0.128077	0.0268961	0.00810185	-0.0025382	
6.7545	6.62329	0.131209	0.0275539	0.00810185	0.000592013	
6.76707	6.63085	0.136222	0.0286066	0.00810185	0.000947455	
6.78005	6.62826	0.151789	0.0318757	0.00810185	0.00294222	
6.78002	6.63066	0.149361	0.0313658	0.00810185	-0.000458902	
6.78201	6.6372	0.144808	0.0304096	0.00810185	-0.000860577	
6.77018	6.65533	0.114853	0.0241191	0.00810185	-0.00566148	
6.78408	6.66643	0.117649	0.0247062	0.00810185	0.000528387	
6.79957	6.67551	0.124064	0.0260535	0.00810185	0.00121259	
6.80985	6.68139	0.128458	0.0269761	0.00810185	0.000830296	
6.81995	6.68142	0.138526	0.0290906	0.00810185	0.00190302	
6.81995	6.68014	0.139811	0.0293603	0.00810185	0.000242789	
6.80959	6.69066	0.118931	0.0249756	0.00810185	-0.00394627	
6.80225	6.69478	0.107468	0.0225682	0.00810185	-0.00216663	
6.79953	6.701	0.0985308	0.0206915	0.00810185	-0.00168907	
6.80228	6.71054	0.0917358	0.0192645	0.00810185	-0.00128424	
6.81102	6.71826	0.0927591	0.0194794	0.00810185	0.000193402	
6.81375	6.72313	0.0906243	0.0190311	0.00810185	-0.000403477	
6.81549	6.72557	0.0899158	0.0188823	0.00810185	-0.000133922	
6.81509	6.72402	0.0910654	0.0191237	0.00810185	0.000217285	
6.8188	6.72421	0.0945864	0.0198631	0.00810185	0.000665462	
6.80996	6.71425	0.0957088	0.0200989	0.00810185	0.000212148	
6.81347	6.71747	0.0960031	0.0201606	0.00810185	5.56054e-05	
6.80131	6.72282	0.0784926	0.0164835	0.00810185	-0.00330947	
6.81582	6.72825	0.0875688	0.0183894	0.00810185	0.00171539	
6.81565	6.72494	0.0907111	0.0190493	0.00810185	0.000593905	
6.80878	6.72836	0.0804176	0.0168877	0.00810185	-0.00194547	
6.79548	6.73137	0.064106	0.0134623	0.00810185	-0.0030829	
6.76738	6.72814	0.0392437	0.00824118	0.00810185	-0.00469897	
6.74819	6.73618	0.0120068	0.00252142	0.00810185	-0.00514778	
6.73628	6.734	0.00228262	0.00047935	0.00810185	-0.00183786	
6.72601	6.72503	0.00097847	0.000205479	0.00810185	-0.000246484	
6.69148	6.7162	-0.0247226	-0.00519174	0.00795764	-0.0048575	
6.6705	6.7072	-0.0367041	-0.00770785	0.00774353	-0.0022645	
6.64367	6.6977	-0.0540323	-0.0113468	0.00742834	-0.00327504	
6.62896	6.68358	-0.0546169	-0.0114696	0.00710974	-0.00011049	
6.60774	6.66179	-0.0540485	-0.0113502	0.00679446	0.000107426	
6.59499	6.64603	-0.0510445	-0.0107193	0.0064967	0.00056777	
6.5797	6.62287	-0.04317	-0.00906569	0.00624488	0.00148828	
6.5693	6.59512	-0.0258217	-0.00542255	0.00609425	0.00327883	
6.56264	6.5765	-0.0138597	-0.00291055	0.0060134	0.00226081	
6.55696	6.55073	0.00622797	0.00130787	0.00604973	0.00379658	
6.54636	6.50721	0.0391493	0.00822135	0.0062781	0.00622213	
6.53537	6.48643	0.0489373	0.0102768	0.00656357	0.00184994	
6.53028	6.46426	0.0660152	0.0138632	0.00694866	0.00322773	
6.52833	6.4091	0.119231	0.0250386	0.00764417	0.0100578	
6.4987	6.38283	0.115869	0.0243325	0.00810185	-0.000635452	
6.49909	6.36694	0.132152	0.0277518	0.00810185	0.0030774	
6.48283	6.35672	0.126112	0.0264834	0.00810185	-0.00114158	
6.484	6.35868	0.125325	0.0263183	0.00810185	-0.000148612	
6.48439	6.35457	0.129818	0.0272618	0.00810185	0.000849132	
6.4889	6.34319	0.145712	0.0305995	0.00810185	0.00300395	
6.48615	6.3322	0.153945	0.0323285	0.00810185	0.00155614	
6.48635	6.32475	0.161605	0.033937	0.00810185	0.00144763	
6.46386	6.33007	0.133789	0.0280956	0.00810185	-0.00525728	
6.46034	6.33464	0.125703	0.0263977	0.00810185	-0.00152811	
6.46117	6.3423	0.118871	0.024963	0.00810185	-0.00129127	
6.46239	6.34879	0.1136	0.023856	0.00810185	-0.000996301	
6.45631	6.36638	0.0899301	0.0188853	0.00810185	-0.00447358	
6.46665	6.37341	0.093236	0.0195796	0.00810185	0.000624817	
6.46045	6.37028	0.0901704	0.0189358	0.00810185	-0.000579396	
6.45974	6.3679	0.0918427	0.019287	0.00810185	0.000316059	
6.44888	6.36669	0.0821924	0.0172604	0.00810185	-0.00182389	
6.45029	6.37239	0.0778961	0.0163582	0.00810185	-0.000812001	
6.44158	6.38071	0.0608697	0.0127826	0.00810185	-0.00321799	
6.4542	6.3795	0.0747046	0.015688	0.00810185	0.00261481	
6.4535	6.381	0.0724974	0.0152244	0.00810185	-0.000417176	
6.45809	6.37818	0.0799055	0.0167802	0.00810185	0.00140014	
6.45059	6.3692	0.0813923	0.0170924	0.00810185	0.000281001	
6.44175	6.37073	0.0710177	0.0149137	0.00810185	-0.00196079	
6.43212	6.36687	0.0652504	0.0137026	0.00810185	-0.00109003	
6.43321	6.36312	0.070085	0.0147179	0.00810185	0.000913749	
6.43069	6.35482	0.0758681	0.0159323	0.00810185	0.001093	
6.42426	6.3496	0.074657	0.015678	0.00810185	-0.00022891	
6.42099	6.33886	0.0821333	0.017248	0.00810185	0.00141303	
6.41515	6.33646	0.0786934	0.0165256	0.00810185	-0.000650142	
6.41	6.33449	0.0755091	0.0158569	0.00810185	-0.000601836	
6.40766	6.32928	0.0783825	0.0164603	0.00810185	0.000543076	
6.40288	6.31883	0.0840516	0.0176508	0.00810185	0.00107146	
6.39489	6.3122	0.0826917	0.0173653	0.00810185	-0.000257029	
6.39058	6.30539	0.0851932	0.0178906	0.00810185	0.000472781	
6.38597	6.29716	0.0888138	0.0186509	0.00810185	0.000684298	
6.3759	6.29279	0.0831127	0.0174537	0.00810185	-0.0010775	
6.37196	6.28609	0.0858722	0.0180332	0.00810185	0.000521537	
6.36563	6.27804	0.0875902	0.0183939	0.00810185	0.00032471	
6.35914	6.27451	0.0846305	0.0177724	0.00810185	-0.000559389	
6.36002	6.2653	0.0947242	0.0198921	0.00810185	0.00190771	
6.35544	6.26133	0.0941124	0.0197636	0.00810185	-0.000115627	
6.35097	6.25772	0.0932536	0.0195833	0.00810185	-0.00016231	
6.34882	6.25492	0.0939016	0.0197193	0.00810185	0.000122476	
6.34748	6.25163	0.0958457	0.0201276	0.00810185	0.000367428	
6.34507	6.24231	0.102756	0.0215788	0.00810185	0.00130605	
6.34249	6.23973	0.102764	0.0215804	0.00810185	1.44196e-06	
6.34492	6.24268	0.102243	0.0214711	0.00810185	-9.83233e-05	
6.34633	6.23536	0.110975	0.0233047	0.00810185	0.00165023	
6.34615	6.23572	0.11043	0.0231902	0.00810185	-0.00010301	
6.34348	6.23634	0.107141	0.0224997	0.00810185	-0.000621483	
6.34051	6.22989	0.110617	0.0232296	0.00810185	0.000656901	
6.34212	6.23142	0.110698	0.0232465	0.00810185	1.52307e-05	
6.34051	6.23088	0.109634	0.0230231	0.00810185	-0.000201063	
6.33881	6.23215	0.106657	0.022398	0.00810185	-0.000562633	
6.34007	6.24173	0.0983367	0.0206507	0.00810185	-0.00157254	
6.34254	6.2351	0.107438	0.0225619	0.00810185	0.00172007	
6.35237	6.23369	0.118684	0.0249237	0.00810185	0.00212562	
6.3496	6.23436	0.115241	0.0242005	0.00810185	-0.000650863	
6.35654	6.23375	0.122794	0.0257868	0.00810185	0.00142763	
6.36546	6.23737	0.128091	0.0268991	0.00810185	0.00100108	
6.367	6.23768	0.129323	0.0271578	0.00810185	0.000232876	
6.37524	6.23749	0.137748	0.028927	0.00810185	0.00159228	
6.38268	6.2464	0.136281	0.0286189	0.00810185	-0.000277306	
6.38683	6.25027	0.136561	0.0286779	0.00810185	5.3082e-05	
6.38943	6.2539	0.13553	0.0284612	0.00810185	-0.000195024	
6.39212	6.25427	0.137848	0.0289481	0.00810185	0.000438174	
6.39994	6.2633	0.136639	0.0286942	0.00810185	-0.00022846	
6.40741	6.27066	0.136747	0.0287168	0.00810185	2.03676e-05	
6.41584	6.27496	0.140876	0.029584	0.00810185	0.000780458	
6.41799	6.28192	0.136073	0.0285754	0.00810185	-0.000907801	
6.42585	6.2924	0.133453	0.0280252	0.00810185	-0.000495131	
6.43798	6.29759	0.140394	0.0294827	0.00810185	0.00131173	
6.44325	6.30274	0.140513	0.0295078	0.00810185	2.26207e-05	
6.44502	6.30807	0.13695	0.0287596	0.00810185	-0.000673393	
6.44995	6.31272	0.137232	0.0288188	0.00810185	5.32622e-05	
6.45426	6.32261	0.131646	0.0276457	0.00810185	-0.00105578	
6.4699	6.32537	0.144527	0.0303508	0.00810185	0.00243456	
6.46969	6.33429	0.135405	0.028435	0.00810185	-0.00172422	
6.48251	6.33543	0.147082	0.0308873	0.00810185	0.00220709	
6.48697	6.33933	0.147642	0.0310048	0.00810185	0.000105803	
6.49577	6.34702	0.148753	0.0312382	0.00810185	0.000209985	
6.49007	6.35132	0.138745	0.0291365	0.00810185	-0.00189149	
6.50754	6.35269	0.154852	0.032519	0.00810185	0.00304424	
6.50323	6.36459	0.13864	0.0291144	0.00810185	-0.00306416	
6.51929	6.36361	0.155681	0.032693	0.00810185	0.00322079	
6.51988	6.36694	0.152941	0.0321177	0.00810185	-0.000517842	
6.52047	6.37283	0.147645	0.0310053	0.00810185	-0.00100108	
6.52303	6.37694	0.146086	0.0306781	0.00810185	-0.000294519	
6.52539	6.3832	0.142187	0.0298592	0.00810185	-0.00073702	
6.53558	6.39163	0.143947	0.0302288	0.00810185	0.000332641	
6.5346	6.39458	0.140023	0.0294049	0.00810185	-0.000741526	
6.54053	6.40163	0.138902	0.0291694	0.00810185	-0.000211967	
6.54402	6.40555	0.138468	0.0290783	0.00810185	-8.19211e-05	
6.54952	6.41045	0.13907	0.0292046	0.00810185	0.000113644	
6.55231	6.41654	0.135774	0.0285125	0.00810185	-0.000622925	
6.55129	6.41752	0.133773	0.0280923	0.00810185	-0.000378153	
6.54775	6.42555	0.122198	0.0256616	0.00810185	-0.00218763	
6.51248	6.42967	0.0828094	0.01739	0.00810185	-0.00744446	
6.49696	6.43007	0.0668941	0.0140478	0.00810185	-0.00300801	
6.49696	6.43457	0.062386	0.0131011	0.00810185	-0.000852015	
6.44124	6.43653	0.00470781	0.000988641	0.00810185	-0.0109012	
6.42477	6.43202	-0.00725126	-0.00152277	0.00805955	-0.00226027	
6.41516	6.4285	-0.0133419	-0.0028018	0.00798173	-0.00115113	
6.37632	6.42105	-0.0447326	-0.00939384	0.00772078	-0.00593284	
6.35867	6.4128	-0.0541325	-0.0113678	0.00740501	-0.00177658	
6.33436	6.39849	-0.0641313	-0.0134676	0.00703091	-0.00188977	
6.31809	6.37221	-0.0541205	-0.0113653	0.00671521	0.00189203	
6.29378	6.36378	-0.0699992	-0.0146998	0.00630688	-0.00300107	
6.28279	6.33869	-0.0559034	-0.0117397	0.00598078	0.0026641	
6.25634	6.30694	-0.050602	-0.0106264	0.0056856	0.00100198	
6.24058	6.29398	-0.0533972	-0.0112134	0.00537412	-0.000528296	
6.23034	6.26986	-0.0395246	-0.00830016	0.00514356	0.00262193	
6.21796	6.22711	-0.00915051	-0.00192161	0.00509018	0.0057407	
6.20583	6.21025	-0.00442362	-0.00092896	0.00506437	0.000893382	
6.20152	6.17283	0.028686	0.00602407	0.00523171	0.00625773	
6.1721	6.14151	0.0305915	0.00642421	0.00541016	0.000360128	
6.16647	6.12735	0.0391173	0.00821464	0.00563834	0.00161139	
6.16553	6.09887	0.0666652	0.0139997	0.00602722	0.00520654	
6.15941	6.07162	0.0877895	0.0184358	0.00653933	0.0039925	
6.15247	6.05518	0.0972939	0.0204317	0.00710688	0.00179632	
6.15285	6.02363	0.129219	0.027136	0.00786065	0.00603386	
6.1355	6.02031	0.115194	0.0241907	0.00810185	-0.00265076	
6.12648	6.01521	0.111273	0.0233673	0.00810185	-0.000741075	
6.12274	6.01068	0.112062	0.023533	0.00810185	0.000149152	
6.12432	6.00482	0.1195	0.025095	0.00810185	0.00140582	
6.12418	6.00093	0.123252	0.0258829	0.00810185	0.000709082	
6.11239	5.99685	0.115539	0.0242631	0.00810185	-0.00145782	
6.09536	5.99606	0.0993023	0.0208535	0.00810185	-0.00306866	
6.08559	5.99395	0.0916405	0.0192445	0.00810185	-0.00144808	
6.06796	5.99124	0.0767226	0.0161118	0.00810185	-0.00281947	
6.0412	5.98693	0.054266	0.0113959	0.00810185	-0.00424431	
6.02342	5.98179	0.0416327	0.00874286	0.00810185	-0.0023877	
5.99104	5.98029	0.010746	0.00225666	0.00810185	-0.00583758	
5.96825	5.97703	-0.00878143	-0.0018441	0.00805063	-0.00369069	
5.95977	5.96825	-0.0084753	-0.00177981	0.00800119	5.78585e-05	
5.91721	5.95162	-0.0344057	-0.0072252	0.00780049	-0.00490085	
5.90264	5.93632	-0.0336795	-0.00707269	0.00760402	0.000137256	
5.88827	5.91167	-0.0234041	-0.00491487	0.0074675	0.00194204	
5.83126	5.89465	-0.0633941	-0.0133128	0.0070977	-0.0075581	
5.81093	5.87917	-0.0682435	-0.0143311	0.00669961	-0.000916543	
5.76608	5.84914	-0.083056	-0.0174418	0.00621512	-0.00279956	
5.67897	5.82327	-0.144303	-0.0303036	0.00537335	-0.0115757	
5.6611	5.80626	-0.145156	-0.0304828	0.00452661	-0.000161319	
5.60373	5.77198	-0.16825	-0.0353325	0.00354515	-0.00436471	
5.51104	5.73647	-0.225433	-0.047341	0.00223012	-0.0108076	
5.46717	5.70545	-0.238281	-0.050039	0.000840151	-0.00242816	
5.38977	5.67641	-0.286645	-0.0601954	-0.000831945	-0.00914083	
5.34735	5.66102	-0.313666	-0.0658699	-0.00266167	-0.00510705	
5.30315	5.63384	-0.330692	-0.0694453	-0.0045907	-0.00321781	
5.22392	5.58457	-0.360649	-0.0757362	-0.00669448	-0.00566184	
5.15226	5.57401	-0.421747	-0.0885669	-0.00810185	-0.0115476	
5.13697	5.54859	-0.411621	-0.0864404	-0.00810185	0.00191384	
5.06389	5.50351	-0.439619	-0.0923199	-0.00810185	-0.00529153	
4.96354	5.46909	-0.505548	-0.106165	-0.00810185	-0.0124606	
4.92642	5.44152	-0.515105	-0.108172	-0.00810185	-0.00180632	
4.86005	5.40835	-0.548295	-0.115142	-0.00810185	-0.00627305	
4.85254	5.39083	-0.538286	-0.11304	-0.00810185	0.00189185	
4.84441	5.36461	-0.520198	-0.109242	-0.00810185	0.00341861	
4.84871	5.31282	-0.464111	-0.0974634	-0.00810185	0.0106004	
4.84467	5.29082	-0.446153	-0.0936922	-0.00810185	0.00339409	
4.82267	5.24476	-0.422086	-0.088638	-0.00810185	0.00454874	
4.81313	5.23259	-0.419462	-0.0880871	-0.00810185	0.000495852	
4.80876	5.20343	-0.394666	-0.0828799	-0.00810185	0.00468645	
4.80508	5.15808	-0.353003	-0.0741306	-0.00810185	0.00787434	
4.79164	5.14369	-0.352054	-0.0739314	-0.00810185	0.000179343	
4.78316	5.10425	-0.321093	-0.0674295	-0.00810185	0.00585164	
4.75859	5.06121	-0.302623	-0.0635509	-0.00810185	0.00349079	
4.74587	5.04646	-0.300591	-0.063124	-0.00810185	0.000384191	
4.73499	5.0131	-0.278111	-0.0584033	-0.00810185	0.00424863	
4.71699	4.96517	-0.248184	-0.0521186	-0.00810185	0.00565625	
4.70354	4.94915	-0.245611	-0.0515782	-0.00810185	0.0004863	
4.6807	4.91026	-0.229556	-0.0482067	-0.00810185	0.00303442	
4.67055	4.8895	-0.218947	-0.045979	-0.00810185	0.00200495	
4.65746	4.8667	-0.20924	-0.0439404	-0.00810185	0.00183471	
4.64955	4.83057	-0.181025	-0.0380153	-0.00810185	0.00533262	
4.63103	4.79951	-0.16848	-0.0353809	-0.00810185	0.00237094	
4.62298	4.77984	-0.156863	-0.0329413	-0.00810185	0.00219565	
4.61302	4.7396	-0.126582	-0.0265821	-0.00810185	0.00572321	
4.60095	4.70766	-0.106713	-0.0224098	-0.00810185	0.00375512	
4.59398	4.6813	-0.0873199	-0.0183372	-0.00810185	0.00366536	
4.57408	4.65206	-0.0779781	-0.0163754	-0.00810185	0.00176558	
4.5584	4.62847	-0.0700679	-0.0147143	-0.00810185	0.00149504	
4.55565	4.59033	-0.0346756	-0.00728188	-0.00810185	0.00668914	
4.54099	4.56858	-0.0275936	-0.00579466	-0.00810185	0.0013385	
4.53035	4.54615	-0.0158038	-0.0033188	-0.00810185	0.00222827	
4.51914	4.51906	7.72476e-05	1.6222e-05	-0.0081014	0.00300152	
4.50187	4.48276	0.0191131	0.00401374	-0.00798991	0.00359777	
4.49111	4.45493	0.0361795	0.0075977	-0.00777886	0.00322556	
4.48797	4.43355	0.0544171	0.0114276	-0.00746143	0.0034469	
4.46989	4.39645	0.0734415	0.0154227	-0.00703302	0.00359561	
4.45694	4.3739	0.0830359	0.0174375	-0.00654864	0.00181335	
4.44929	4.33404	0.115251	0.0242027	-0.00587634	0.00608866	
4.4295	4.31819	0.111312	0.0233756	-0.00522702	-0.00074441	
4.42107	4.31057	0.110499	0.0232049	-0.00458244	-0.000153658	
4.41811	4.27267	0.145441	0.0305426	-0.00373404	0.00660398	
4.38967	4.2672	0.122469	0.0257185	-0.00301963	-0.00434173	
4.38535	4.26603	0.119317	0.0250565	-0.00232362	-0.000595798	
4.3779	4.26051	0.117394	0.0246527	-0.00163882	-0.000363373	
4.3589	4.26272	0.0961833	0.0201985	-0.00107775	-0.00400882	
4.34536	4.25793	0.0874314	0.0183606	-0.000567737	-0.0016541	
4.33613	4.26757	0.0685596	0.0143975	-0.000167805	-0.00356677	
4.3175	4.26825	0.049252	0.0103429	0.000119498	-0.00364914	
4.31005	4.26715	0.0428972	0.00900842	0.000369732	-0.00120106	
4.30535	4.26401	0.0413399	0.00868137	0.000610881	-0.000294339	
4.28715	4.25461	0.0325398	0.00683337	0.000800697	-0.00166321	
4.27573	4.25289	0.0228424	0.00479691	0.000933944	-0.00183282	
4.26475	4.24324	0.0215054	0.00451612	0.00105939	-0.000252703	
4.25691	4.23926	0.0176497	0.00370643	0.00116235	-0.000728728	
4.24363	4.23459	0.00904417	0.00189928	0.00121511	-0.00162644	
4.23796	4.23238	0.00557709	0.00117119	0.00124764	-0.000655279	
4.22204	4.21667	0.00537491	0.00112873	0.00127899	-3.82118e-05	
4.20849	4.2104	-0.00190687	-0.000400443	0.00126787	-0.00137626	
4.20222	4.19749	0.00473261	0.000993848	0.00129548	0.00125486	
4.19619	4.18758	0.00861216	0.00180855	0.00134571	0.000733234	
4.18692	4.17713	0.00979185	0.00205629	0.00140283	0.000222962	
4.16658	4.15084	0.0157366	0.00330468	0.00149463	0.00112355	
4.16006	4.14163	0.0184331	0.00387095	0.00160216	0.000509641	
4.15202	4.1199	0.0321231	0.00674585	0.00178954	0.00258741	
4.13391	4.10474	0.029171	0.00612591	0.00195971	-0.000557947	
4.13126	4.08295	0.0483122	0.0101456	0.00224153	0.00361769	
4.11166	4.06059	0.0510702	0.0107247	0.00253944	0.000521267	
4.09191	4.04862	0.0432882	0.00909053	0.00279195	-0.00147079	
4.07873	4.03784	0.0408945	0.00858785	0.0030305	-0.000452414	
4.06951	4.02764	0.0418663	0.00879192	0.00327472	0.000183669	
4.0557	4.01647	0.0392346	0.00823927	0.00350359	-0.000497385	
4.04182	4.00902	0.0327988	0.00688774	0.00369492	-0.00121638	
4.02849	3.99653	0.0319591	0.0067114	0.00388134	-0.000158705	
4.00025	3.98414	0.0161052	0.00338209	0.00397529	-0.00299638	
3.98435	3.97907	0.00527668	0.0011081	0.00400607	-0.00204659	
3.97437	3.96226	0.01211	0.0025431	0.00407671	0.0012915	
3.94372	3.957	-0.0132799	-0.00278878	0.00399925	-0.00479869	
3.9404	3.95159	-0.0111921	-0.00235034	0.00393396	0.0003946	
3.92267	3.93665	-0.0139844	-0.00293673	0.00385238	-0.000527756	
3.89705	3.92316	-0.0261137	-0.00548389	0.00370005	-0.00229244	
3.89391	3.92379	-0.0298765	-0.00627406	0.00352577	-0.000711154	
3.87258	3.89193	-0.0193539	-0.00406431	0.00341288	0.00198877	
3.84969	3.87468	-0.0249932	-0.00524857	0.00326708	-0.00106583	
3.83217	3.86274	-0.0305715	-0.00642001	0.00308875	-0.00105429	
3.81231	3.83802	-0.0257063	-0.00539832	0.0029388	0.000919517	
3.8027	3.8288	-0.0260968	-0.00548033	0.00278657	-7.38101e-05	
3.79348	3.81176	-0.0182772	-0.00383821	0.00267995	0.00147791	
3.7786	3.7739	0.0046978	0.000986538	0.00270735	0.00434227	
3.77019	3.75721	0.0129824	0.0027263	0.00278308	0.00156578	
3.7739	3.74051	0.033386	0.00701106	0.00297783	0.00385628	
3.77466	3.71865	0.0560052	0.0117611	0.00330453	0.00427504	
3.77033	3.67905	0.0912774	0.0191682	0.00383698	0.00666643	
3.77897	3.67116	0.107805	0.0226391	0.00446585	0.00312377	
3.77858	3.65658	0.121997	0.0256193	0.0051775	0.00268222	
3.79272	3.64356	0.149159	0.0313234	0.00604759	0.00513363	
3.82094	3.64018	0.180758	0.0379593	0.00710201	0.00597231	
3.82603	3.64859	0.177437	0.0372617	0.00810185	-0.000627791	
3.83564	3.66525	0.170393	0.0357825	0.00810185	-0.00133133	
3.8829	3.67405	0.20885	0.0438585	0.00810185	0.00726845	
3.89212	3.7064	0.18572	0.0390013	0.00810185	-0.00437151	
3.93351	3.72013	0.213383	0.0448104	0.00810185	0.00522822	
3.9588	3.78151	0.177286	0.03723	0.00810185	-0.00682234	
3.9996	3.79703	0.20257	0.0425397	0.00810185	0.00477869	
4.0092	3.82805	0.181145	0.0380405	0.00810185	-0.00404928	
4.04254	3.8914	0.151144	0.0317402	0.00810185	-0.00567022	
4.12631	3.93573	0.190576	0.040021	0.00810185	0.00745266	
4.16631	3.99129	0.175019	0.036754	0.00810185	-0.00294024	
4.20988	4.03325	0.176628	0.0370919	0.00810185	0.000304072	
4.25809	4.05804	0.200048	0.0420101	0.00810185	0.00442635	
4.30867	4.11541	0.193261	0.0405848	0.00810185	-0.00128271	
4.39046	4.1581	0.232355	0.0487946	0.00810185	0.00738876	
4.47886	4.19389	0.284974	0.0598445	0.00810185	0.0099449	
4.51115	4.25621	0.254944	0.0535383	0.00810185	-0.00567554	
4.56738	4.29141	0.275971	0.057954	0.00810185	0.00397412	
4.62697	4.34283	0.284141	0.0596695	0.00810185	0.00154397	
4.696	4.41089	0.285106	0.0598723	0.00810185	0.000182498	
4.77096	4.53191	0.239049	0.0502004	0.00810185	-0.00870472	
4.84569	4.55647	0.289217	0.0607355	0.00810185	0.00948158	
4.89238	4.62055	0.271831	0.0570844	0.00810185	-0.00328595	
4.94437	4.73626	0.208107	0.0437025	0.00810185	-0.0120438	
5.02216	4.79502	0.227136	0.0476985	0.00810185	0.00359642	
5.07059	4.81926	0.251326	0.0527785	0.00810185	0.00457199	
5.11045	4.91015	0.200301	0.0420631	0.00810185	-0.0096438	
5.23961	4.97782	0.261792	0.0549764	0.00810185	0.0116219	
5.30152	5.01179	0.289729	0.060843	0.00810185	0.00527999	
5.30152	5.09439	0.207127	0.0434966	0.00810185	-0.0156118	
5.36172	5.14046	0.221261	0.0464648	0.00810185	0.0026714	
5.38978	5.16551	0.22427	0.0470967	0.00810185	0.000568671	
5.4078	5.22458	0.183218	0.0384758	0.00810185	-0.0077588	
5.44625	5.31042	0.135835	0.0285253	0.00810185	-0.00895545	
5.47057	5.32535	0.145223	0.0304968	0.00810185	0.00177433	
5.49081	5.40095	0.089859	0.0188704	0.00810185	-0.0104637	
5.53319	5.41115	0.122042	0.0256288	0.00810185	0.00608253	
5.55023	5.44972	0.10051	0.021107	0.00810185	-0.00406956	
5.59653	5.47405	0.122483	0.0257215	0.00810185	0.00415301	
5.61753	5.48676	0.130769	0.0274614	0.00810185	0.00156596	
5.62342	5.51858	0.104836	0.0220156	0.00810185	-0.0049013	
5.69186	5.5428	0.149063	0.0313033	0.00810185	0.00835893	
5.72016	5.55551	0.164652	0.0345769	0.00810185	0.00294628	
5.73574	5.58352	0.152218	0.0319659	0.00810185	-0.00234994	
5.78939	5.61664	0.172751	0.0362778	0.00810185	0.00388075	
5.82028	5.631	0.189276	0.039748	0.00810185	0.00312319	
5.83652	5.66171	0.174808	0.0367096	0.00810185	-0.00273458	
5.90975	5.68518	0.22457	0.0471597	0.00810185	0.00940506	
5.9229	5.69981	0.223089	0.0468487	0.00810185	-0.000279829	
5.96678	5.74603	0.220754	0.0463583	0.00810185	-0.000441419	
6.0097	5.77115	0.238554	0.0500963	0.00810185	0.00336426	
6.02107	5.79257	0.228499	0.0479848	0.00810185	-0.00190041	
6.03751	5.82476	0.212754	0.0446783	0.00810185	-0.00297584	
6.06949	5.86236	0.207127	0.0434967	0.00810185	-0.00106344	
6.08523	5.90133	0.183898	0.0386186	0.00810185	-0.0043903	
6.10664	5.91387	0.19277	0.0404816	0.00810185	0.00167672	
6.11526	5.94171	0.173554	0.0364464	0.00810185	-0.00363166	
6.13515	5.97407	0.161076	0.0338259	0.00810185	-0.0023585	
6.15809	6.01369	0.144395	0.030323	0.00810185	-0.00315257	
6.17891	6.03077	0.148142	0.0311099	0.00810185	0.00070818	
6.18832	6.05584	0.132475	0.0278198	0.00810185	-0.00296106	
6.20027	6.07798	0.122292	0.0256812	0.00810185	-0.00192474	
6.20913	6.09011	0.119023	0.0249948	0.00810185	-0.000617788	
6.21581	6.13014	0.0856709	0.0179909	0.00810185	-0.00630351	
6.23498	6.15001	0.0849748	0.0178447	0.00810185	-0.000131578	
6.2407	6.15352	0.087183	0.0183084	0.00810185	0.000417356	
6.24881	6.16802	0.0807896	0.0169658	0.00810185	-0.00120836	
6.25788	6.20152	0.0563564	0.0118348	0.00810185	-0.00461786	
6.27861	6.20995	0.0686626	0.0144192	0.00810185	0.00232587	
6.27842	6.22366	0.054759	0.0114994	0.00810185	-0.00262778	
6.3032	6.22895	0.0742497	0.0155924	0.00810185	0.00368375	
6.31351	6.22914	0.0843692	0.0177175	0.00810185	0.00191257	
6.31585	6.22566	0.0901923	0.0189404	0.00810185	0.00110057	
6.32991	6.23098	0.098928	0.0207749	0.00810185	0.00165104	
6.33739	6.23899	0.0983996	0.0206639	0.00810185	-9.98554e-05	
6.3548	6.24133	0.113467	0.0238281	0.00810185	0.00284777	
6.37067	6.23773	0.132938	0.027917	0.00810185	0.00367996	
6.37933	6.2375	0.141829	0.029784	0.00810185	0.00168033	
6.38207	6.23741	0.144664	0.0303795	0.00810185	0.000535957	
6.38656	6.24758	0.138979	0.0291856	0.00810185	-0.00107453	
6.39269	6.25746	0.135231	0.0283984	0.00810185	-0.000708451	
6.40306	6.27072	0.132337	0.0277907	0.00810185	-0.000546952	
6.43373	6.28337	0.150362	0.0315759	0.00810185	0.00340671	
6.44494	6.29005	0.154887	0.0325263	0.00810185	0.00085535	
6.4493	6.29856	0.150737	0.0316548	0.00810185	-0.000784334	
6.45514	6.31132	0.143816	0.0302013	0.00810185	-0.00130821	
6.47004	6.3254	0.144644	0.0303752	0.00810185	0.000156542	
6.47387	6.33554	0.138325	0.0290483	0.00810185	-0.00119421	
6.49175	6.34417	0.147581	0.0309919	0.00810185	0.00174927	
6.5019	6.35891	0.142987	0.0300273	0.00810185	-0.000868147	
6.50981	6.36068	0.149127	0.0313166	0.00810185	0.00116032	
6.52277	6.37989	0.142883	0.0300054	0.00810185	-0.00118006	
6.53235	6.38928	0.143066	0.0300439	0.00810185	3.46971e-05	
6.53936	6.39597	0.143387	0.0301113	0.00810185	6.06523e-05	
6.54544	6.41244	0.132997	0.0279293	0.00810185	-0.00196385	
6.55398	6.41989	0.134089	0.0281587	0.00810185	0.00020647	
6.5631	6.42734	0.135761	0.0285098	0.00810185	0.000315969	
6.57831	6.4387	0.13961	0.0293182	0.00810185	0.000727557	
6.58439	6.44852	0.135868	0.0285322	0.00810185	-0.000707369	
6.5918	6.45404	0.137757	0.0289289	0.00810185	0.000357064	
6.60467	6.46874	0.135927	0.0285446	0.00810185	-0.000345889	
6.61348	6.47658	0.136905	0.02875	0.00810185	0.000184841	
6.61661	6.48954	0.127066	0.0266838	0.00810185	-0.00185958	
6.62521	6.49407	0.131141	0.0275396	0.00810185	0.000770275	
6.63699	6.50405	0.132938	0.0279171	0.00810185	0.000339671	
6.6429	6.51171	0.131188	0.0275496	0.00810185	-0.000330749	
6.64958	6.5188	0.130781	0.027464	0.00810185	-7.69644e-05	
6.65621	6.53729	0.118917	0.0249725	0.00810185	-0.00224242	
6.66778	6.53862	0.129157	0.027123	0.00810185	0.00193546	
6.67668	6.54334	0.133339	0.0280012	0.00810185	0.000790372	
6.68311	6.55509	0.128019	0.026884	0.00810185	-0.00100549	
6.6774	6.55747	0.119934	0.0251862	0.00810185	-0.00152802	
6.65604	6.56339	0.092649	0.0194563	0.00810185	-0.00515688	
6.63703	6.56634	0.070693	0.0148455	0.00810185	-0.00414968	
6.61055	6.572	0.0385461	0.00809468	0.00810185	-0.00607577	
6.59231	6.5765	0.01581	0.0033201	0.00810185	-0.00429712	
6.5645	6.56909	-0.00459433	-0.000964808	0.00807505	-0.00385642	
6.53369	6.57144	-0.037746	-0.00792665	0.00785487	-0.00626566	
6.50056	6.5632	-0.0626426	-0.0131549	0.00748945	-0.00470546	
6.48903	6.564	-0.0749655	-0.0157427	0.00705215	-0.00232903	
6.46844	6.54467	-0.0762267	-0.0160076	0.0066075	-0.000238373	
6.43086	6.52404	-0.0931792	-0.0195676	0.00606395	-0.00320403	
6.41584	6.51165	-0.0958076	-0.0201196	0.00550507	-0.000496754	
6.39895	6.49915	-0.100202	-0.0210424	0.00492056	-0.000830566	
6.38769	6.4748	-0.0871053	-0.0182921	0.00441245	0.0024753	
6.37707	6.45883	-0.0817628	-0.0171702	0.0039355	0.00100973	
6.37067	6.4513	-0.0806284	-0.016932	0.00346517	0.000214401	
6.3738	6.42304	-0.0492449	-0.0103414	0.0031779	0.00593148	
6.36738	6.39291	-0.0255284	-0.00536097	0.00302899	0.00448241	
6.3649	6.38566	-0.0207601	-0.00435961	0.00290789	0.000901222	
6.37167	6.36748	0.00418901	0.000879693	0.00293232	0.00471537	
6.37657	6.33492	0.041647	0.00874586	0.00317526	0.00707955	
6.38566	6.32534	0.0603223	0.0126677	0.00352714	0.00352964	
6.38038	6.30556	0.0748243	0.0157131	0.00396362	0.00274089	
6.39487	6.27717	0.117695	0.0247159	0.00465017	0.00810253	
6.40206	6.27312	0.128936	0.0270765	0.0054023	0.00212454	
6.40624	6.26293	0.143313	0.0300957	0.00623829	0.00271728	
6.41996	6.25893	0.16103	0.0338163	0.00717763	0.00334849	
6.43658	6.25925	0.177334	0.0372401	0.00810185	0.00308146	
6.43658	6.26158	0.175002	0.0367504	0.00810185	-0.000440698	
6.44851	6.26963	0.178884	0.0375656	0.00810185	0.000733685	
6.45459	6.28037	0.174218	0.0365857	0.00810185	-0.000881936	
6.46411	6.29119	0.172924	0.0363139	0.00810185	-0.000244592	
6.4692	6.30353	0.165668	0.0347902	0.00810185	-0.00137139	
6.48082	6.32068	0.160138	0.0336289	0.00810185	-0.00104515	
6.49292	6.33707	0.155847	0.0327278	0.00810185	-0.00081101	
6.49328	6.35697	0.136308	0.0286247	0.00810185	-0.00369276	
6.50606	6.37135	0.134713	0.0282897	0.00810185	-0.000301549	
6.50625	6.38391	0.122344	0.0256923	0.00810185	-0.00233759	
6.50606	6.39975	0.106315	0.0223261	0.00810185	-0.00302964	
6.50606	6.40667	0.0993896	0.0208718	0.00810185	-0.00130885	
6.51068	6.41748	0.0931959	0.0195711	0.00810185	-0.0011706	
6.50766	6.42338	0.0842767	0.0176981	0.00810185	-0.00168574	
6.50606	6.44328	0.0627799	0.0131838	0.00810185	-0.00406289	
6.51068	6.45501	0.0556664	0.01169	0.00810185	-0.00134444	
6.51516	6.46109	0.0540652	0.0113537	0.00810185	-0.00030263	
6.51761	6.46853	0.0490813	0.0103071	0.00810185	-0.000941957	
6.52431	6.46656	0.0577469	0.0121268	0.00810185	0.00163779	
6.52408	6.46712	0.0569611	0.0119618	0.00810185	-0.000148521	
6.52328	6.47437	0.048912	0.0102715	0.00810185	-0.00152126	
6.52719	6.474	0.0531926	0.0111704	0.00810185	0.000809027	
6.53407	6.48088	0.0531936	0.0111706	0.00810185	1.80244e-07	
6.53764	6.47854	0.0590987	0.0124107	0.00810185	0.00111607	
6.55109	6.47572	0.0753675	0.0158272	0.00810185	0.00307479	
6.55066	6.47291	0.0777502	0.0163275	0.00810185	0.000450341	
6.55005	6.47997	0.0700765	0.0147161	0.00810185	-0.00145034	
6.55131	6.48653	0.0647788	0.0136035	0.00810185	-0.00100126	
6.56203	6.49654	0.0654869	0.0137523	0.00810185	0.000133832	
6.57961	6.50478	0.0748348	0.0157153	0.00810185	0.00176676	
6.58667	6.5086	0.0780687	0.0163944	0.00810185	0.000611209	
6.60498	6.51071	0.0942726	0.0197972	0.00810185	0.00306253	
6.60634	6.51441	0.0919342	0.0193062	0.00810185	-0.000441959	
6.61064	6.51932	0.0913239	0.019178	0.00810185	-0.000115356	
6.60917	6.51978	0.0893884	0.0187716	0.00810185	-0.000365806	
6.61681	6.53185	0.0849552	0.0178406	0.00810185	-0.000837866	
6.62643	6.54062	0.0858121	0.0180205	0.00810185	0.00016195	
6.63344	6.54269	0.0907512	0.0190577	0.00810185	0.000933486	
6.63912	6.5396	0.0995159	0.0208983	0.00810185	0.00165654	
6.6403	6.54126	0.099041	0.0207986	0.00810185	-8.97617e-05	
6.63952	6.54119	0.0983329	0.0206499	0.00810185	-0.000133832	
6.63069	6.54056	0.0901322	0.0189278	0.00810185	-0.00154992	
6.63442	6.5431	0.0913248	0.0191782	0.00810185	0.000225396	
6.63147	6.54882	0.0826497	0.0173564	0.00810185	-0.00163959	
6.63775	6.54621	0.0915408	0.0192236	0.00810185	0.00168042	
6.63854	6.54719	0.0913491	0.0191833	0.00810185	-3.62291e-05	
6.63403	6.54391	0.0901179	0.0189248	0.00810185	-0.000232696	
6.63343	6.53936	0.094069	0.0197545	0.00810185	0.000746753	
6.62932	6.54389	0.0854349	0.0179413	0.00810185	-0.00163184	
6.63265	6.54918	0.0834742	0.0175296	0.00810185	-0.000370583	
6.63383	6.55133	0.0825	0.017325	0.00810185	-0.00018412	
6.63677	6.55545	0.0813222	0.0170777	0.00810185	-0.000222602	
6.63853	6.55566	0.0828657	0.0174018	0.00810185	0.000291726	
6.63835	6.55799	0.0803642	0.0168765	0.00810185	-0.000472781	
6.63738	6.56213	0.0752535	0.0158032	0.00810185	-0.00096593	
6.63874	6.56428	0.0744591	0.0156364	0.00810185	-0.000150144	
6.64306	6.57017	0.0728898	0.0153069	0.00810185	-0.000296592	
6.65413	6.57269	0.0814443	0.0171033	0.00810185	0.00161679	
6.65413	6.57448	0.0796509	0.0167267	0.00810185	-0.00033895	
6.65508	6.57606	0.07902	0.0165942	0.00810185	-0.000119232	
6.66288	6.57977	0.0831108	0.0174533	0.00810185	0.000773159	
6.6656	6.58252	0.0830774	0.0174463	0.00810185	-6.30856e-06	
6.66382	6.58939	0.0744267	0.0156296	0.00810185	-0.001635	
6.67462	6.59057	0.084054	0.0176513	0.00810185	0.00181957	
6.67518	6.59709	0.0780945	0.0163998	0.00810185	-0.00112635	
6.67813	6.60155	0.0765758	0.0160809	0.00810185	-0.000287039	
6.68698	6.5978	0.0891838	0.0187286	0.00810185	0.00238292	
6.68937	6.60625	0.0831246	0.0174562	0.00810185	-0.00114518	
6.68703	6.6078	0.0792279	0.0166379	0.00810185	-0.000736479	
6.69686	6.62092	0.0759358	0.0159465	0.00810185	-0.000622204	
6.72506	6.6221	0.102962	0.021622	0.00810185	0.00510795	
6.73262	6.62387	0.108752	0.0228379	0.00810185	0.00109426	
6.70806	6.62449	0.0835729	0.0175503	0.00810185	-0.00475881	
6.74001	6.62858	0.111428	0.0233998	0.00810185	0.00526458	
6.72617	6.63526	0.0909104	0.0190912	0.00810185	-0.00387778	
6.75424	6.64857	0.105666	0.0221899	0.00810185	0.00278883	
6.73407	6.64936	0.0847073	0.0177885	0.00810185	-0.00396123	
6.75813	6.65764	0.100487	0.0211023	0.00810185	0.00298241	
6.76225	6.66133	0.100919	0.0211929	0.00810185	8.15606e-05	
6.76592	6.6586	0.10732	0.0225373	0.00810185	0.00120989	
6.76238	6.67117	0.0912123	0.0191546	0.00810185	-0.00304442	
6.75962	6.67548	0.0841436	0.0176702	0.00810185	-0.00133597	
6.76879	6.68584	0.0829453	0.0174185	0.00810185	-0.000226477	
6.77507	6.69214	0.082932	0.0174157	0.00810185	-2.52342e-06	
6.78663	6.69647	0.0901589	0.0189334	0.00810185	0.00136589	
6.78917	6.69473	0.0944433	0.0198331	0.00810185	0.000809748	
6.78976	6.69784	0.0919247	0.0193042	0.00810185	-0.000476026	
6.79643	6.70451	0.0919151	0.0193022	0.00810185	-1.80244e-06	
6.79643	6.70471	0.0917239	0.019262	0.00810185	-3.6139e-05	
6.80504	6.71874	0.0863028	0.0181236	0.00810185	-0.0010246	
6.8059	6.72006	0.0858383	0.018026	0.00810185	-8.7779e-05	
6.81381	6.72317	0.0906439	0.0190352	0.00810185	0.000908252	
6.81986	6.72769	0.0921659	0.0193548	0.00810185	0.00028767	
6.821	6.73188	0.089119	0.018715	0.00810185	-0.000575881	
6.82461	6.73422	0.0903878	0.0189814	0.00810185	0.000239815	
6.82778	6.73891	0.0888729	0.0186633	0.00810185	-0.000286318	
6.83405	6.74382	0.0902338	0.0189491	0.00810185	0.000257209	
6.83779	6.75012	0.0876665	0.01841	0.00810185	-0.000485218	
6.84554	6.75775	0.0877872	0.0184353	0.00810185	2.28009e-05	
6.85298	6.7601	0.092885	0.0195059	0.00810185	0.000963497	
6.85555	6.76304	0.0925088	0.0194268	0.00810185	-7.11064e-05	
6.8645	6.7686	0.0959044	0.0201399	0.00810185	0.00064176	
6.86979	6.76958	0.100212	0.0210445	0.00810185	0.000814164	
6.8696	6.77641	0.0931883	0.0195695	0.00810185	-0.0013275	
6.87857	6.78684	0.0917311	0.0192635	0.00810185	-0.000275414	
6.89714	6.79451	0.102631	0.0215525	0.00810185	0.0020601	
6.90475	6.8013	0.103449	0.0217243	0.00810185	0.00015456	
6.91955	6.80092	0.118626	0.0249115	0.00810185	0.0028685	
6.91463	6.80489	0.109736	0.0230446	0.00810185	-0.00168024	
6.92397	6.81514	0.108832	0.0228548	0.00810185	-0.000170782	
6.93852	6.82914	0.109383	0.0229704	0.00810185	0.000104001	
6.95309	6.83167	0.121421	0.0254985	0.00810185	0.00227532	
6.95174	6.84021	0.111529	0.0234211	0.00810185	-0.00186968	
6.9515	6.8549	0.0965996	0.0202859	0.00810185	-0.00282164	
6.93711	6.85977	0.0773406	0.0162415	0.00810185	-0.00363995	
6.91432	6.86249	0.0518322	0.0108848	0.00810185	-0.00482109	
6.89504	6.87632	0.0187168	0.00393053	0.00810185	-0.00625881	
6.86174	6.8818	-0.0200562	-0.00421181	0.00798486	-0.00732811	
6.84602	6.88437	-0.0383487	-0.00805322	0.00776116	-0.00345727	
6.83394	6.88353	-0.0495887	-0.0104136	0.00747189	-0.00212436	
6.80962	6.88301	-0.0733933	-0.0154126	0.00704376	-0.00449908	
6.79217	6.87096	-0.0787859	-0.016545	0.00658418	-0.00101919	
6.77435	6.85177	-0.0774159	-0.0162573	0.00613258	0.000258921	
6.74446	6.84059	-0.0961261	-0.0201865	0.00557185	-0.00353622	
6.74306	6.83451	-0.091445	-0.0192034	0.00503842	0.00088473	
6.73419	6.80597	-0.0717821	-0.0150742	0.00461969	0.00371628	
6.72032	6.78665	-0.0663309	-0.0139295	0.00423276	0.00103028	
6.71798	6.78053	-0.0625486	-0.0131352	0.00386789	0.000714849	
6.717	6.75794	-0.0409422	-0.00859786	0.00362906	0.00408362	
6.71398	6.72434	-0.0103617	-0.00217595	0.00356862	0.00577972	
6.71851	6.71475	0.003757	0.00078897	0.00359054	0.00266843	
6.71681	6.67341	0.0433965	0.00911326	0.00384368	0.00749186	
6.71995	6.65669	0.0632606	0.0132847	0.0042127	0.00375431	
6.72282	6.64807	0.0747452	0.0156965	0.00464872	0.00217059	
6.72459	6.62092	0.103673	0.0217712	0.00525347	0.00546726	
6.73641	6.60403	0.132378	0.0277993	0.00602567	0.00542527	
6.74661	6.59104	0.155571	0.03267	0.00693318	0.00438363	
6.74525	6.58277	0.162479	0.0341207	0.00788097	0.0013056	
6.75353	6.58496	0.168572	0.0354001	0.00810185	0.00115149	
6.76697	6.58677	0.180199	0.0378417	0.00810185	0.00219745	
6.77309	6.59655	0.176537	0.0370728	0.00810185	-0.000692049	
6.7816	6.61004	0.171561	0.0360278	0.00810185	-0.000940515	
6.80531	6.62024	0.185073	0.0388653	0.00810185	0.00255379	
6.81407	6.6438	0.170268	0.0357562	0.00810185	-0.0027982	
6.82884	6.65612	0.172721	0.0362714	0.00810185	0.000463679	
6.85448	6.67104	0.183444	0.0385231	0.00810185	0.00202658	
6.86543	6.68894	0.176493	0.0370635	0.00810185	-0.00131371	
6.88432	6.70654	0.177781	0.0373339	0.00810185	0.00024342	
6.89887	6.72142	0.177447	0.0372638	0.00810185	-6.30856e-05	
6.91529	6.76339	0.151904	0.0318998	0.00810185	-0.00482767	
6.93976	6.77698	0.162783	0.0341844	0.00810185	0.00205614	
6.9579	6.78974	0.168156	0.0353128	0.00810185	0.00101559	
6.96647	6.83024	0.136226	0.0286075	0.00810185	-0.00603476	
7.0038	6.84437	0.159431	0.0334806	0.00810185	0.0043858	
7.01735	6.84849	0.168865	0.0354616	0.00810185	0.00178289	
7.02417	6.87651	0.14766	0.0310086	0.00810185	-0.00400774	
7.05436	6.89852	0.155836	0.0327256	0.00810185	0.00154533	
7.07279	6.91401	0.15878	0.0333437	0.00810185	0.000556324	
7.07943	6.93913	0.140305	0.0294641	0.00810185	-0.0034917	
7.10568	6.948	0.157682	0.0331133	0.00810185	0.00328432	
7.11667	6.95937	0.157304	0.0330338	0.00810185	-7.1557e-05	
7.131	6.97134	0.159661	0.0335288	0.00810185	0.000445474	
7.15395	6.99623	0.157721	0.0331213	0.00810185	-0.000366707	
7.17261	7.00805	0.164557	0.0345569	0.00810185	0.00129199	
7.18207	7.02026	0.16181	0.0339802	0.00810185	-0.000519014	
7.20072	7.04295	0.157768	0.0331313	0.00810185	-0.000763966	
7.21976	7.05039	0.169369	0.0355674	0.00810185	0.00219249	
7.22938	7.06489	0.164486	0.034542	0.00810185	-0.000922852	
7.24373	7.08416	0.15957	0.0335096	0.00810185	-0.00092916	
7.26334	7.09735	0.165991	0.0348581	0.00810185	0.00121359	
7.27829	7.10324	0.175046	0.0367598	0.00810185	0.00171151	
7.28077	7.12332	0.157446	0.0330636	0.00810185	-0.0033265	
7.31192	7.13964	0.172279	0.0361786	0.00810185	0.00280343	
7.30982	7.15012	0.159705	0.0335381	0.00810185	-0.00237643	
7.33806	7.17444	0.16362	0.0343602	0.00810185	0.000739903	
7.35023	7.18637	0.163862	0.034411	0.00810185	4.5692e-05	
7.35477	7.19905	0.155718	0.0327008	0.00810185	-0.00153911	
7.37629	7.20608	0.170213	0.0357447	0.00810185	0.00273945	
7.38274	7.22062	0.162122	0.0340456	0.00810185	-0.00152919	
7.39883	7.23652	0.16231	0.0340851	0.00810185	3.55983e-05	
7.40944	7.24823	0.161211	0.0338544	0.00810185	-0.000207642	
7.42331	7.25272	0.170585	0.0358229	0.00810185	0.00177162	
7.4331	7.26444	0.168655	0.0354176	0.00810185	-0.000364725	
7.45275	7.28116	0.171586	0.036033	0.00810185	0.000553801	
7.46326	7.29488	0.168383	0.0353604	0.00810185	-0.000605351	
7.48697	7.31031	0.176661	0.0370987	0.00810185	0.00156452	
7.50455	7.31677	0.187777	0.0394331	0.00810185	0.00210093	
7.52478	7.33071	0.194075	0.0407557	0.00810185	0.00119033	
7.54216	7.3399	0.20226	0.0424746	0.00810185	0.00154704	
7.55609	7.36168	0.194407	0.0408256	0.00810185	-0.00148413	
7.57447	7.38541	0.189064	0.0397033	0.00810185	-0.00101	
7.60895	7.39932	0.209633	0.0440229	0.00810185	0.0038876	
7.6119	7.41616	0.195742	0.0411057	0.00810185	-0.00262544	
7.65638	7.43009	0.226293	0.0475215	0.00810185	0.00577422	
7.66461	7.44812	0.216489	0.0454628	0.00810185	-0.00185291	
7.6652	7.47889	0.186308	0.0391248	0.00810185	-0.0057042	
7.68052	7.51694	0.163578	0.0343513	0.00810185	-0.00429613	
7.6876	7.5344	0.153204	0.0321728	0.00810185	-0.00196061	
7.69722	7.55401	0.143214	0.0300749	0.00810185	-0.00188815	
7.71922	7.57891	0.140312	0.0294656	0.00810185	-0.000548394	
7.74068	7.59127	0.149415	0.0313771	0.00810185	0.00172034	
7.74264	7.61578	0.12686	0.0266406	0.00810185	-0.00426278	
7.77242	7.62519	0.147227	0.0309177	0.00810185	0.00384939	
7.80158	7.64029	0.161288	0.0338704	0.00810185	0.00265743	
7.80412	7.65147	0.152647	0.032056	0.00810185	-0.00163301	
7.83356	7.65442	0.179142	0.0376198	0.00810185	0.00500746	
7.84672	7.65971	0.187011	0.0392723	0.00810185	0.0014872	
7.86097	7.67638	0.184592	0.0387644	0.00810185	-0.0004571	
7.86823	7.69462	0.173613	0.0364587	0.00810185	-0.00207506	
7.89196	7.70521	0.186749	0.0392173	0.00810185	0.00248269	
7.90429	7.70837	0.195923	0.0411438	0.00810185	0.00173386	
7.92487	7.71365	0.211225	0.0443572	0.00810185	0.00289202	
7.93056	7.72992	0.200643	0.0421349	0.00810185	-0.00199999	
7.9427	7.74993	0.192774	0.0404826	0.00810185	-0.00148711	
7.95643	7.76993	0.186498	0.0391645	0.00810185	-0.00118628	
7.97879	7.77719	0.201601	0.0423361	0.00810185	0.00285444	
7.9937	7.78895	0.204751	0.0429978	0.00810185	0.000595528	
8.00548	7.79875	0.206726	0.0434124	0.00810185	0.000373106	
8.01292	7.82425	0.18867	0.0396207	0.00810185	-0.00341248	
8.03804	7.84249	0.195551	0.0410657	0.00810185	0.00130046	
8.0457	7.85347	0.192229	0.0403681	0.00810185	-0.000627791	
8.05728	7.87975	0.177529	0.0372812	0.00810185	-0.00277829	
8.08222	7.88975	0.192468	0.0404182	0.00810185	0.00282335	
8.09026	7.89583	0.194427	0.0408298	0.00810185	0.000370402	
8.10517	7.92133	0.183843	0.0386071	0.00810185	-0.00200044	
8.12284	7.93231	0.19053	0.0400113	0.00810185	0.00126378	
8.13421	7.93623	0.197976	0.041575	0.00810185	0.00140735	
8.15504	7.94447	0.210569	0.0442195	0.00810185	0.00238004	
8.17268	7.95957	0.213109	0.0447529	0.00810185	0.000480081	
8.18719	7.97232	0.214869	0.0451226	0.00810185	0.000332731	
8.18485	7.99409	0.190756	0.0400588	0.00810185	-0.00455739	
8.22469	8.00056	0.224128	0.0470668	0.00810185	0.0063072	
8.2296	8.01448	0.215116	0.0451743	0.00810185	-0.00170331	
8.25788	8.03567	0.222208	0.0466637	0.00810185	0.00134048	
8.27261	8.04392	0.228693	0.0480255	0.00810185	0.00122566	
8.285	8.05686	0.228136	0.0479086	0.00810185	-0.000105263	
8.30684	8.07687	0.229967	0.0482931	0.00810185	0.000346069	
8.33276	8.08628	0.246476	0.05176	0.00810185	0.00312021	
8.33468	8.11335	0.221327	0.0464786	0.00810185	-0.00475323	
8.35507	8.12514	0.229927	0.0482847	0.00810185	0.00162544	
8.35877	8.14573	0.213038	0.0447381	0.00810185	-0.00319195	
8.36976	8.15949	0.210269	0.0441565	0.00810185	-0.00052343	
8.38146	8.17634	0.205115	0.0430742	0.00810185	-0.000974041	
8.38887	8.21953	0.169341	0.0355616	0.00810185	-0.00676133	
8.41013	8.23131	0.178821	0.0375523	0.00810185	0.00179163	
8.40911	8.24407	0.16504	0.0346584	0.00810185	-0.00260453	
8.41908	8.26861	0.150467	0.0315981	0.00810185	-0.00275432	
8.42951	8.27137	0.158141	0.0332096	0.00810185	0.00145043	
8.42963	8.28724	0.142395	0.029903	0.00810185	-0.00297602	
8.43336	8.29664	0.136718	0.0287107	0.00810185	-0.001073	
8.43371	8.30529	0.128423	0.0269688	0.00810185	-0.00156777	
8.43663	8.3102	0.126433	0.026551	0.00810185	-0.00037599	
8.44798	8.32058	0.127396	0.0267531	0.00810185	0.000181867	
8.45131	8.31805	0.133259	0.0279844	0.00810185	0.00110814	
8.44717	8.32039	0.126776	0.0266229	0.00810185	-0.0012253	
8.45835	8.32296	0.13539	0.028432	0.00810185	0.00162815	
8.45481	8.33142	0.123391	0.0259121	0.00810185	-0.00226784	
8.4611	8.32828	0.132816	0.0278914	0.00810185	0.00178136	
8.46229	8.32334	0.13895	0.0291796	0.00810185	0.00115933	
8.46816	8.32058	0.147575	0.0309908	0.00810185	0.00163013	
8.46445	8.32432	0.140128	0.0294269	0.00810185	-0.00140753	
8.46091	8.32473	0.136175	0.0285968	0.00810185	-0.000747113	
8.46229	8.32391	0.13838	0.0290598	0.00810185	0.000416725	
8.46801	8.32039	0.147615	0.0309992	0.00810185	0.00174549	
8.4688	8.31745	0.151351	0.0317837	0.00810185	0.000706017	
8.46469	8.31473	0.149964	0.0314925	0.00810185	-0.000262075	
8.46864	8.32179	0.146852	0.0308388	0.00810185	-0.000588318	
8.47827	8.32115	0.157115	0.0329941	0.00810185	0.00193979	
8.48046	8.32135	0.159115	0.0334141	0.00810185	0.000377973	
8.48499	8.32508	0.159908	0.0335807	0.00810185	0.000149963	
8.48575	8.32058	0.165166	0.0346848	0.00810185	0.000993688	
8.48423	8.31922	0.165008	0.0346516	0.00810185	-2.99206e-05	
8.47913	8.31707	0.162061	0.0340328	0.00810185	-0.000556955	
8.47913	8.321	0.158134	0.033208	0.00810185	-0.000742247	
8.47941	8.33493	0.144478	0.0303403	0.00810185	-0.00258092	
8.48643	8.33516	0.151273	0.0317673	0.00810185	0.00128424	
8.49761	8.32927	0.168344	0.0353523	0.00810185	0.00322656	
8.49236	8.32813	0.164227	0.0344876	0.00810185	-0.000778296	
8.49171	8.32719	0.164517	0.0345487	0.00810185	5.49746e-05	
8.48703	8.33229	0.154738	0.0324951	0.00810185	-0.00184823	
8.4919	8.33486	0.157038	0.0329779	0.00810185	0.000434569	
8.49167	8.33852	0.153151	0.0321616	0.00810185	-0.000734676	
8.49209	8.34245	0.149643	0.031425	0.00810185	-0.000662939	
8.4942	8.3423	0.151898	0.0318987	0.00810185	0.000426278	
8.49541	8.34581	0.149598	0.0314156	0.00810185	-0.00043475	
8.49583	8.34536	0.150475	0.0315997	0.00810185	0.000165645	
8.4936	8.34736	0.146242	0.0307108	0.00810185	-0.000799925	
8.49322	8.34853	0.144691	0.0303852	0.00810185	-0.000293077	
8.49326	8.34453	0.148733	0.031234	0.00810185	0.000763876	
8.47358	8.34592	0.127658	0.0268082	0.00810185	-0.00398322	
8.46516	8.34596	0.119201	0.0250321	0.00810185	-0.00159841	
8.44911	8.35042	0.0986919	0.0207253	0.00810185	-0.00387616	
8.43948	8.34728	0.0921965	0.0193613	0.00810185	-0.00122764	
8.42188	8.34282	0.0790548	0.0166015	0.00810185	-0.00248377	
8.40654	8.34181	0.0647345	0.0135942	0.00810185	-0.00270655	
8.39223	8.33557	0.0566568	0.0118979	0.00810185	-0.00152667	
8.38029	8.33323	0.0470581	0.0098822	0.00810185	-0.00181416	
8.35593	8.31952	0.0364075	0.00764557	0.00810185	-0.00201297	
8.33927	8.31367	0.0255966	0.00537529	0.00810185	-0.00204325	
8.32398	8.30586	0.0181208	0.00380536	0.00810185	-0.00141294	
8.30691	8.29562	0.0112925	0.00237142	0.00810185	-0.00129055	
8.28855	8.27345	0.0151052	0.0031721	0.00810185	0.000720617	
8.25966	8.26619	-0.00653458	-0.00137226	0.00806373	-0.00408993	
8.26083	8.24758	0.0132542	0.00278337	0.00810185	0.00374007	
8.22321	8.21656	0.00664616	0.00139569	0.00810185	-0.00124891	
8.2061	8.20697	-0.000872612	-0.000183249	0.00809676	-0.00142105	
8.18748	8.19126	-0.0037775	-0.000793276	0.00807473	-0.000549025	
8.16614	8.16188	0.00426197	0.000895014	0.00809959	0.00151946	
8.14688	8.13812	0.00876331	0.0018403	0.00810185	0.000850754	
8.13434	8.12815	0.00618935	0.00129976	0.00810185	-0.00048648	
8.12376	8.07618	0.0475798	0.00999175	0.00810185	0.00782279	
8.09117	8.05284	0.038332	0.00804972	0.00810185	-0.00174783	
8.07557	8.03436	0.0412064	0.00865334	0.00810185	0.000543257	
8.06224	8.00358	0.0586567	0.0123179	0.00810185	0.00329811	
8.03497	7.98791	0.0470595	0.0098825	0.00810185	-0.00219186	
8.0273	7.97216	0.0551448	0.0115804	0.00810185	0.00152811	
8.02201	7.9464	0.0756102	0.0158781	0.00810185	0.00386796	
7.99217	7.92551	0.066658	0.0139982	0.00810185	-0.00169195	
7.97571	7.90694	0.0687733	0.0144424	0.00810185	0.000399782	
7.96551	7.89258	0.0729318	0.0153157	0.00810185	0.000785956	
7.94844	7.87509	0.0733519	0.0154039	0.00810185	7.93977e-05	
7.94236	7.86493	0.0774279	0.0162599	0.00810185	0.000770365	
7.93272	7.853	0.0797186	0.0167409	0.00810185	0.000432947	
7.91166	7.82822	0.0834441	0.0175233	0.00810185	0.000704125	
7.90399	7.82063	0.0833583	0.0175052	0.00810185	-1.6222e-05	
7.89904	7.81202	0.0870161	0.0182734	0.00810185	0.000691328	
7.88593	7.78943	0.0964985	0.0202647	0.00810185	0.00179217	
7.87064	7.77437	0.096272	0.0202171	0.00810185	-4.28081e-05	
7.86059	7.76501	0.0955753	0.0200708	0.00810185	-0.000131669	
7.83537	7.75402	0.0813494	0.0170834	0.00810185	-0.00268871	
7.81806	7.74462	0.0734406	0.0154225	0.00810185	-0.00149477	
7.80903	7.73466	0.0743699	0.0156177	0.00810185	0.000175648	
7.79359	7.72226	0.0713305	0.0149794	0.00810185	-0.000574439	
7.75627	7.70696	0.0493069	0.0103544	0.00810185	-0.00416248	
7.73821	7.69915	0.0390553	0.00820162	0.00810185	-0.00193754	
7.72885	7.68784	0.0410051	0.00861108	0.00810185	0.00036851	
7.69588	7.66407	0.031805	0.00667906	0.00810185	-0.00173882	
7.67174	7.65664	0.0151	0.003171	0.00810185	-0.00315725	
7.6628	7.63397	0.0288315	0.00605461	0.00810185	0.00259525	
7.64082	7.61714	0.0236831	0.00497344	0.00810185	-0.00097305	
7.62472	7.60338	0.0213437	0.00448218	0.00810185	-0.00044214	
7.60008	7.59226	0.00782108	0.00164243	0.00810185	-0.00255578	
7.58099	7.56793	0.0130572	0.00274202	0.00810185	0.000989632	
7.55376	7.5562	-0.00244141	-0.000512695	0.00808761	-0.00292924	
7.54516	7.53919	0.00597	0.0012537	0.00810185	0.00158976	
7.5185	7.50682	0.0116844	0.00245373	0.00810185	0.00108002	
7.48679	7.48955	-0.00276327	-0.000580287	0.00808573	-0.00273061	
7.4847	7.47586	0.00884199	0.00185682	0.00810185	0.00219339	
7.47198	7.4524	0.0195765	0.00411108	0.00810185	0.00202883	
7.43727	7.41125	0.0260181	0.00546381	0.00810185	0.00121746	
7.41013	7.40204	0.00809145	0.0016992	0.00810185	-0.00338815	
7.41081	7.37036	0.0404487	0.00849422	0.00810185	0.00611551	
7.37323	7.33941	0.0338202	0.00710223	0.00810185	-0.00125279	
7.35802	7.31912	0.0389023	0.00816948	0.00810185	0.000960523	
7.35212	7.30613	0.0459881	0.0096575	0.00810185	0.00133922	
7.31857	7.27948	0.039093	0.00820953	0.00810185	-0.00130317	
7.28171	7.26338	0.018332	0.00384972	0.00810185	-0.00392383	
7.275	7.23762	0.0373774	0.00784924	0.00810185	0.00359957	
7.23905	7.22617	0.0128822	0.00270527	0.00810185	-0.00462958	
7.23636	7.21212	0.0242357	0.0050895	0.00810185	0.00214581	
7.21633	7.19379	0.0225382	0.00473302	0.00810185	-0.000320835	
7.18753	7.17161	0.0159206	0.00334333	0.00810185	-0.00125072	
7.1649	7.15591	0.00898981	0.00188786	0.00810185	-0.00130993	
7.15515	7.14287	0.01228	0.0025788	0.00810185	0.000621843	
7.13726	7.11257	0.0246892	0.00518473	0.00810185	0.00234534	
7.1107	7.09624	0.0144644	0.00303752	0.00810185	-0.00193249	
7.09014	7.07528	0.0148621	0.00312103	0.00810185	7.51619e-05	
7.06303	7.05318	0.00985289	0.00206911	0.00810185	-0.000946734	
7.04256	7.04129	0.00127459	0.000267663	0.00810185	-0.0016213	
7.02934	7.01525	0.0140858	0.00295801	0.00810185	0.00242131	
7.01725	6.9937	0.0235467	0.00494481	0.00810185	0.00178812	
6.98792	6.98268	0.00523615	0.00109959	0.00810185	-0.00346069	
6.96711	6.96806	-0.000948906	-0.00019927	0.00809632	-0.00116898	
6.94841	6.93973	0.00867653	0.00182207	0.00810185	0.00181921	
6.92616	6.92402	0.00214434	0.000450311	0.00810185	-0.00123458	
6.9092	6.89926	0.00993586	0.00208653	0.00810185	0.0014726	
6.89268	6.8686	0.0240822	0.00505726	0.00810185	0.00267366	
6.84762	6.84668	0.000938416	0.000197067	0.00810185	-0.00437417	
6.84185	6.83355	0.00829649	0.00174226	0.00810185	0.00139068	
6.80218	6.80426	-0.00207949	-0.000436692	0.00808972	-0.00196106	
6.77576	6.78444	-0.00868464	-0.00182377	0.00803906	-0.00124837	
6.76318	6.77071	-0.00753498	-0.00158235	0.00799511	0.000217285	
6.73441	6.74424	-0.00983381	-0.0020651	0.00793774	-0.000434479	
6.68725	6.69869	-0.0114374	-0.00240186	0.00787102	-0.000303081	
6.64822	6.68757	-0.0393453	-0.0082625	0.00764151	-0.00527458	
6.62305	6.66019	-0.0371447	-0.00780038	0.00742483	0.000415914	
6.58675	6.61165	-0.0248966	-0.00522829	0.0072796	0.00231488	
6.55898	6.60031	-0.0413337	-0.00868007	0.00703849	-0.0031066	
6.52197	6.5509	-0.0289273	-0.00607474	0.00686975	0.0023448	
6.4776	6.51941	-0.0418086	-0.00877981	0.00662586	-0.00243456	
6.44766	6.49946	-0.0517983	-0.0108777	0.00632371	-0.00188806	
6.41437	6.46045	-0.0460782	-0.00967642	0.00605492	0.00108111	
6.37722	6.42736	-0.0501418	-0.0105298	0.00576242	-0.000768022	
6.3518	6.41088	-0.0590844	-0.0124077	0.00541776	-0.00169015	
6.32717	6.37665	-0.0494785	-0.0103905	0.00512914	0.00181551	
6.27883	6.32385	-0.0450211	-0.00945442	0.00486652	0.000842463	
6.2466	6.30674	-0.0601349	-0.0126283	0.00451573	-0.00285651	
6.21538	6.25891	-0.04353	-0.0091413	0.0042618	0.00313833	
6.17095	6.23938	-0.0684323	-0.0143708	0.00386262	-0.00470654	
6.15782	6.19821	-0.0403862	-0.0084811	0.00362703	0.00530072	
6.12922	6.16369	-0.0344691	-0.00723852	0.00342596	0.00111833	
6.08496	6.13121	-0.0462508	-0.00971267	0.00315616	-0.00222674	
6.06516	6.09279	-0.0276303	-0.00580237	0.00299499	0.00351927	
6.04101	6.0706	-0.0295939	-0.00621473	0.00282236	-0.000371123	
6.0259	6.02543	0.000473499	9.94349e-05	0.00282512	0.00568275	
5.99292	5.99592	-0.00299597	-0.000629153	0.00280764	-0.000655729	
5.97552	5.97971	-0.00419235	-0.000880394	0.00278319	-0.000226117	
5.95754	5.93617	0.0213675	0.00448719	0.00290783	0.00483082	
5.92099	5.90008	0.0209064	0.00439035	0.00302978	-8.71482e-05	
5.9088	5.87574	0.0330582	0.00694221	0.00322262	0.00229667	
5.89976	5.84184	0.05792	0.0121632	0.00356049	0.00469888	
5.86473	5.80987	0.0548601	0.0115206	0.00388051	-0.000578314	
5.84206	5.77748	0.0645828	0.0135624	0.00425724	0.00183759	
5.82111	5.76145	0.0596609	0.0125288	0.00460526	-0.000930242	
5.81457	5.74882	0.0657468	0.0138068	0.00498879	0.00115023	
5.78589	5.71893	0.0669627	0.0140622	0.0053794	0.000229812	
5.76335	5.71055	0.0528021	0.0110884	0.00568741	-0.00267636	
5.7575	5.699	0.0585027	0.0122856	0.00602868	0.00107741	
5.7382	5.67619	0.0620151	0.0130232	0.00639043	0.00066384	
5.71378	5.66478	0.0489979	0.0102896	0.00667625	-0.00246025	
5.7102	5.65632	0.0538816	0.0113151	0.00699056	0.000923032	
5.68644	5.62933	0.0571094	0.011993	0.0073237	0.000610037	
5.67034	5.62435	0.0459914	0.0096582	0.00759199	-0.00210129	
5.66478	5.61812	0.0466638	0.00979939	0.00786419	0.000127072	
5.64785	5.59802	0.0498333	0.010465	0.00810185	0.000599042	
5.63452	5.59032	0.0442047	0.00928299	0.00810185	-0.0010638	
5.6305	5.58498	0.0455203	0.00955926	0.00810185	0.000248647	
5.62393	5.56588	0.0580525	0.012191	0.00810185	0.00236859	
5.60869	5.55505	0.0536356	0.0112635	0.00810185	-0.000834802	
5.60673	5.55136	0.0553718	0.0116281	0.00810185	0.000328135	
5.60023	5.54118	0.059051	0.0124007	0.00810185	0.000695383	
5.59776	5.5351	0.0626631	0.0131592	0.00810185	0.000682676	
5.603	5.53193	0.0710716	0.014925	0.00810185	0.00158922	
5.59701	5.5226	0.0744119	0.0156265	0.00810185	0.000631306	
5.60507	5.51973	0.0853395	0.0179213	0.00810185	0.00206533	
5.61417	5.52677	0.0873957	0.0183531	0.00810185	0.000388607	
5.61633	5.52357	0.0927615	0.0194799	0.00810185	0.00101415	
5.63455	5.52048	0.114074	0.0239556	0.00810185	0.0040281	
5.64322	5.51155	0.131669	0.0276504	0.00810185	0.00332533	
5.64709	5.50902	0.138073	0.0289954	0.00810185	0.00121052	
5.64623	5.51301	0.133224	0.0279771	0.00810185	-0.000916453	
5.65522	5.51678	0.138441	0.0290726	0.00810185	0.000985937	
5.66355	5.52559	0.13796	0.0289717	0.00810185	-9.08432e-05	
5.67613	5.53344	0.14269	0.0299648	0.00810185	0.000893832	
5.68006	5.54368	0.136378	0.0286393	0.00810185	-0.00119295	
5.68862	5.54393	0.144691	0.030385	0.00810185	0.0015711	
5.69213	5.54303	0.149104	0.0313119	0.00810185	0.000834171	
5.69059	5.55108	0.139512	0.0292974	0.00810185	-0.00181299	
5.68165	5.55578	0.125875	0.0264336	0.00810185	-0.00257741	
5.67555	5.56301	0.112537	0.0236329	0.00810185	-0.00252072	
5.67061	5.57889	0.0917234	0.0192619	0.00810185	-0.00393383	
5.65002	5.57119	0.0788288	0.0165541	0.00810185	-0.00243709	
5.63847	5.55669	0.0817819	0.0171742	0.00810185	0.000558127	
5.62801	5.51496	0.113049	0.0237403	0.00810185	0.00590949	
5.61381	5.4135	0.200311	0.0420653	0.00810185	0.0164925	
5.61258	5.32949	0.28309	0.0594488	0.00810185	0.0156451	
5.61258	5.32949	0.28309	0.0594488	0.00810185	0	
5.61258	5.32949	0.28309	0.0594488	0.00810185	0	
5.61258	5.32949	0.28309	0.0594488	0.00810185	0	
