301.306	-416.577	0.486418	0.486418	0.486418	-62.7155	8	
301.323	-416.488	0.49251	0.978928	0.443868	-61.1471	8	
301.333	-416.433	0.493503	1	0.400475	-62.1911	8	
301.342	-416.366	0.496035	1	0.362959	-61.9435	8	
301.351	-416.322	0.495143	1	0.325771	-62.6369	8	
301.36	-416.244	0.499893	1	0.297944	-64.4453	8	
301.378	-416.189	0.49921	1	0.267467	-61.7947	8	
301.387	-416.134	0.500192	1	0.241702	-62.8322	8	
301.396	-416.056	0.504926	1	0.222266	-64.6602	7.9	
301.414	-415.978	0.509826	1	0.204939	-62.7336	7.1	
301.423	-415.912	0.512672	1	0.187291	-64.1368	-0.7	
301.441	-415.812	0.520653	1	0.176543	-63.7671	-13.3	
301.468	-415.668	0.517732	1	0.155968	-62.5905	-25.1	
301.486	-415.58	0.515798	1	0.138436	-55.6482	-41.9	
301.513	-415.436	0.523545	1	0.13234	-45.182	-49.3	
301.54	-415.28	0.531543	1	0.127104	-38.2224	-51.8	
301.567	-415.147	0.528062	1	0.110913	-33.0554	-51	
301.612	-414.915	0.531056	1	0.102816	-49.4229	-46.9	
301.665	-414.693	0.529051	1	0.0905289	-42.8078	-41.8	
301.719	-414.438	0.524829	1	0.0772543	-34.8906	-42.8	
301.763	-414.217	0.526099	1	0.0707988	-31.2824	-42.7	
301.844	-413.873	0.515941	1	0.0535603	-24.0438	-39.8	
301.915	-413.541	0.512316	1	0.0445798	-19.3465	-36.9	
301.986	-413.253	0.503942	1	0.0317481	-15.9419	-32.2	
302.102	-412.777	0.485739	1	0.0103702	-11.0635	-27.9	
302.182	-412.445	0.476413	1	6.74238e-06	-8.47069	-22.7	
302.324	-411.902	0.448579	1	-0.0278276	-4.54047	-17.7	
302.439	-411.426	0.436629	1	-0.036995	-2.36223	-15.3	
302.545	-411.038	0.403461	1	-0.0664638	-0.280066	-10.8	
302.687	-410.518	0.369736	1	-0.0935424	1.90327	-8.2	
302.855	-409.887	0.328555	1	-0.125369	3.94032	-4.7	
302.962	-409.466	0.303836	1	-0.137551	4.92984	-2.2	
303.077	-409.045	0.278572	1	-0.14906	5.91069	-0.6	
303.281	-408.281	0.226216	1	-0.18651	7.5022	1.7	
303.404	-407.838	0.182631	1	-0.211444	8.36241	3	
303.528	-407.395	0.143692	1	-0.229239	9.30186	5	
303.741	-406.62	0.0964691	1	-0.253538	10.5895	5.9	
303.856	-406.177	0.0768434	1	-0.24781	10.9977	7.7	
303.98	-405.735	0.0302362	1	-0.269636	11.18	8.9	
304.192	-404.96	-0.0276616	0.972338	-0.30057	12.5309	9.6	
304.316	-404.517	-0.0663463	0.905992	-0.309198	13.3927	10.1	
304.422	-404.085	-0.0796806	0.826312	-0.291612	14.4779	11.4	
304.564	-403.553	-0.121193	0.705119	-0.303963	15.6724	12.4	
304.741	-402.889	-0.1665	0.538618	-0.318874	17.7418	13.4	
304.856	-402.457	-0.197775	0.340844	-0.318261	19.2917	14.4	
305.06	-401.682	-0.242149	0.0986953	-0.330809	21.6745	15.7	
305.175	-401.25	-0.272888	-0.174193	-0.328468	24.0451	17.6	
305.291	-400.807	-0.307657	-0.48185	-0.330389	26.0251	19.5	
305.486	-400.054	-0.355385	-0.837235	-0.345079	28.9361	21.3	
305.592	-399.622	-0.377623	-1	-0.332809	29.824	23.1	
305.646	-399.401	-0.383287	-1	-0.305192	29.5896	25.5	
305.797	-398.769	-0.409098	-1	-0.300484	28.8861	27.1	
305.966	-398.05	-0.443381	-1	-0.304718	26.9928	28	
306.064	-397.618	-0.455984	-1	-0.286849	26.1181	28.1	
306.233	-396.875	-0.48742	-1	-0.2896	24.2541	28	
306.332	-396.443	-0.501918	-1	-0.275138	23.6682	27.4	
306.421	-396.022	-0.50804	-1	-0.253747	22.5236	25.9	
306.51	-395.601	-0.514243	-1	-0.234575	21.4931	25.1	
306.689	-394.759	-0.537781	-1	-0.234656	19.8021	23.9	
306.797	-394.239	-0.545283	-1	-0.218692	18.6626	23	
306.859	-393.929	-0.55346	-1	-0.205	17.9781	21.7	
306.948	-393.53	-0.562234	-1	-0.193274	17.2472	20.2	
307.118	-392.732	-0.583023	-1	-0.194735	16.0874	19.3	
307.19	-392.322	-0.5833	-1	-0.175539	15.0254	18.2	
307.289	-391.801	-0.580416	-1	-0.155101	13.9742	17.2	
307.361	-391.391	-0.569782	-1	-0.128957	13.0178	16.4	
307.47	-390.782	-0.571334	-1	-0.117613	12.1278	15.2	
307.542	-390.383	-0.562648	-1	-0.0971654	11.1109	14.3	
307.65	-389.773	-0.561128	-1	-0.0859288	9.95471	13.2	
307.704	-389.474	-0.563011	-1	-0.0792191	9.62188	12.2	
307.776	-389.075	-0.554289	-1	-0.0625754	8.90819	11.2	
307.902	-388.399	-0.557762	-1	-0.0597914	7.9803	10.5	
308.001	-387.923	-0.561733	-1	-0.0577826	7.86084	9.6	
308.046	-387.635	-0.554909	-1	-0.0451807	7.37	9.1	
308.199	-386.759	-0.547192	-1	-0.032946	6.13348	8.4	
308.263	-386.36	-0.530747	-1	-0.0132058	5.54877	7.8	
308.299	-386.172	-0.532438	-1	-0.0135759	5.47693	7.1	
308.408	-385.496	-0.519873	-1	0.000346435	4.50603	6.6	
308.507	-384.908	-0.499667	-1	0.0205177	3.75822	5.9	
308.553	-384.62	-0.487888	-1	0.0302448	3.42435	5.2	
308.652	-384.055	-0.482518	-1	0.0325908	2.91474	4.5	
308.76	-383.512	-0.482718	-1	0.0291312	2.88354	4	
308.813	-383.235	-0.472413	-1	0.0365235	2.67733	3.4	
308.895	-382.77	-0.47002	-1	0.0352641	2.47544	3.2	
309.003	-382.105	-0.442169	-1	0.0595881	1.81504	3	
309.085	-381.628	-0.429144	-1	0.0666546	1.5623	2.6	
309.166	-381.152	-0.412747	-1	0.0763856	1.1202	2.2	
309.247	-380.675	-0.393405	-1	0.0880892	0.91993	1.9	
309.311	-380.298	-0.389308	-1	0.0833776	0.635553	1.4	
309.402	-379.733	-0.367653	-1	0.0966951	0.31332	1.2	
309.501	-379.179	-0.352617	-1	0.102062	0.132505	1	
309.554	-378.913	-0.355708	-1	0.0887642	0.380124	0.7	
309.618	-378.547	-0.342386	-1	0.0932093	0.212384	0.4	
309.681	-378.181	-0.329528	-1	0.0967466	0.116521	0.4	
309.798	-377.528	-0.316117	-1	0.100483	0.146744	0.4	
309.879	-377.051	-0.305925	-1	0.100627	0.177795	0.2	
309.925	-376.774	-0.286964	-1	0.109525	0.15631	0.2	
310.042	-376.12	-0.272645	-1	0.112892	0.0478811	0.2	
310.141	-375.555	-0.260153	-1	0.114095	0.193807	0.2	
310.204	-375.189	-0.243674	-1	0.119164	0.203815	0.2	
310.313	-374.558	-0.231855	-1	0.119067	0.156585	0.2	
310.349	-374.38	-0.224511	-1	0.114504	0.344055	0.2	
310.412	-374.037	-0.222819	-1	0.104746	0.440192	0.2	
310.52	-373.416	-0.197354	-1	0.119736	0.521382	0.2	
310.619	-372.873	-0.180686	-1	0.12443	0.737643	0.3	
310.682	-372.507	-0.175474	-1	0.1172	0.657896	0.3	
310.799	-371.876	-0.155267	-1	0.125686	1.08106	0.4	
310.845	-371.61	-0.151818	-1	0.116567	1.04527	0.6	
310.89	-371.344	-0.131875	-1	0.124853	1.06459	0.8	
311.043	-370.535	-0.115035	-1	0.129208	1.46187	1	
311.106	-370.191	-0.116044	-1	0.115278	1.42891	1	
311.133	-370.025	-0.109108	-1	0.110686	1.37493	1.3	
311.268	-369.283	-0.0866878	-1	0.122038	1.54609	1.4	
311.331	-368.928	-0.0691271	-1	0.127395	1.60703	1.4	
311.367	-368.751	-0.0689242	-1	0.114858	1.74031	1.4	
311.484	-368.13	-0.0568125	-1	0.115484	1.88124	1.6	
311.583	-367.598	-0.0477593	-1	0.112989	2.10698	1.7	
311.628	-367.333	-0.0330096	-1	0.11644	1.92168	1.8	
311.727	-366.801	-0.0250764	-1	0.112729	2.11176	1.9	
311.826	-366.269	-0.0046059	-1	0.121926	2.22482	1.9	
311.889	-365.925	-0.00508264	-1	0.109257	2.29726	2.1	
311.997	-365.338	0.0149595	-0.98504	0.118374	2.20645	2.1	
312.06	-365.017	0.0163875	-0.968653	0.107964	2.27292	2.3	
312.131	-364.662	0.0140639	-0.954589	0.0948442	2.18236	2.3	
312.195	-364.296	0.0307187	-0.92387	0.102015	1.89838	2.3	
312.276	-363.853	0.0401988	-0.883672	0.101293	1.61863	2.3	
312.419	-363.133	0.0491564	-0.834515	0.100121	1.31246	2.1	
312.446	-362.956	0.0527424	-0.781773	0.0936953	0.641347	1.9	
312.518	-362.601	0.059138	-0.722635	0.0907214	0.288505	1.7	
312.635	-361.969	0.0636871	-0.658948	0.0861984	-0.296858	1.3	
312.725	-361.526	0.0658838	-0.593064	0.0797752	-0.602329	0.8	
312.788	-361.183	0.0637606	-0.529303	0.0696745	-1.28042	0.4	
312.922	-360.507	0.073682	-0.455621	0.0726284	-1.47018	0	
312.958	-360.33	0.0697876	-0.385834	0.0614712	-2.06135	-0.4	
313.075	-359.698	0.0787935	-0.30704	0.0643299	-2.55743	-0.8	
313.147	-359.332	0.0790884	-0.227952	0.0581919	-3.16421	-1.3	
313.219	-358.967	0.0782195	-0.149732	0.0515038	-3.60505	-1.9	
313.344	-358.335	0.076735	-0.0729972	0.0448689	-3.93604	-2.4	
313.416	-357.969	0.0751063	0.00210905	0.0387533	-4.3892	-2.9	
313.524	-357.415	0.0770198	0.0791288	0.0367914	-4.62072	-3.4	
313.631	-356.884	0.0729275	0.152056	0.0290201	-4.61679	-3.8	
313.685	-356.629	0.0705735	0.22263	0.023764	-4.9972	-4.2	
313.756	-356.297	0.0622528	0.284883	0.0130669	-5.08804	-4.4	
313.882	-355.665	0.0561852	0.341068	0.00569266	-4.91395	-4.8	
313.954	-355.299	0.0541304	0.395198	0.00306858	-5.06849	-4.8	
314.07	-354.757	0.0373523	0.432551	-0.0140164	-4.77356	-4.9	
314.16	-354.302	0.0371869	0.469737	-0.0127802	-4.674	-4.9	
314.258	-353.859	0.0272662	0.497004	-0.0214228	-4.2568	-4.9	
314.312	-353.582	0.029129	0.526133	-0.0174177	-4.25955	-4.9	
314.392	-353.228	0.0122083	0.538341	-0.0325967	-3.69153	-4.9	
314.526	-352.607	-0.00640575	0.531935	-0.0479511	-2.83072	-4.6	
314.615	-352.186	-0.0124003	0.519535	-0.0491505	-2.33028	-4.2	
314.669	-351.943	-0.025324	0.494211	-0.0571591	-1.63882	-3.5	
314.803	-351.344	-0.0369983	0.457213	-0.0631175	-0.386786	-2.9	
314.901	-350.901	-0.0538764	0.403336	-0.0736839	0.614203	-2.4	
314.963	-350.647	-0.0733048	0.330032	-0.0857439	1.97289	-1.3	
315.133	-349.86	-0.0913658	0.238666	-0.0952306	3.73247	-0.4	
315.213	-349.517	-0.111248	0.127418	-0.10559	5.19448	0.7	
315.293	-349.162	-0.120201	0.0072167	-0.103984	6.80605	1.9	
315.427	-348.553	-0.138328	-0.131112	-0.111713	8.65669	3.3	
315.471	-348.387	-0.148697	-0.279809	-0.11091	10.5255	4.9	
315.543	-348.055	-0.172829	-0.452638	-0.123951	12.2935	6.3	
315.72	-347.313	-0.197606	-0.650245	-0.136333	14.7978	8	
315.801	-346.969	-0.216548	-0.866793	-0.141642	17.0339	9.8	
315.836	-346.792	-0.22359	-1	-0.134519	18.2299	12.2	
315.935	-346.36	-0.233181	-1	-0.130658	18.0699	14.2	
316.086	-345.662	-0.251803	-1	-0.136215	17.4137	15.6	
316.122	-345.496	-0.262513	-1	-0.133304	17.1707	16.6	
316.3	-344.709	-0.287208	-1	-0.144667	16.1949	16.9	
316.372	-344.366	-0.289955	-1	-0.132948	15.613	17.1	
316.443	-344.022	-0.300313	-1	-0.130011	14.9375	16.9	
316.577	-343.424	-0.321591	-1	-0.138288	14.1491	16.4	
316.657	-343.081	-0.331299	-1	-0.134167	13.98	15.8	
316.729	-342.738	-0.332215	-1	-0.121666	13.3162	15	
316.818	-342.305	-0.333783	-1	-0.111067	12.5116	14.7	
316.908	-341.862	-0.34364	-1	-0.109818	11.9362	14	
316.962	-341.607	-0.340452	-1	-0.0956485	11.3889	13.5	
317.061	-341.087	-0.345466	-1	-0.0910979	10.3869	12.7	
317.186	-340.477	-0.346056	-1	-0.0825773	9.61734	12	
317.249	-340.123	-0.339223	-1	-0.0674872	9.04437	11.1	
317.321	-339.779	-0.338749	-1	-0.0602646	8.58116	10.4	
317.446	-339.159	-0.33016	-1	-0.0456488	7.91881	9.8	
317.536	-338.727	-0.3325	-1	-0.0434236	7.65582	9.3	
317.589	-338.461	-0.334661	-1	-0.0412424	7.29669	8.7	
317.67	-338.029	-0.321487	-1	-0.023944	6.86452	8.1	
317.805	-337.32	-0.308089	-1	-0.00815213	6.16263	7.7	
317.877	-336.976	-0.310598	-1	-0.00984585	6.06556	7.3	
317.958	-336.533	-0.29379	-1	0.00794648	5.51389	6.8	
318.039	-336.09	-0.278576	-1	0.0223661	4.9327	6.4	
318.093	-335.824	-0.282985	-1	0.0157206	4.9258	6	
318.156	-335.469	-0.261039	-1	0.0360942	4.40932	5.5	
318.317	-334.671	-0.26849	-1	0.0250337	4.19027	5.2	
318.389	-334.317	-0.260379	-1	0.0306421	3.94979	4.7	
318.452	-333.962	-0.238966	-1	0.0489906	3.7865	4.4	
318.559	-333.43	-0.238055	-1	0.0450021	3.64525	4.2	
318.604	-333.164	-0.228563	-1	0.0499945	3.32097	3.9	
318.676	-332.81	-0.222959	-1	0.0505992	3.37346	3.8	
318.829	-332.001	-0.207911	-1	0.0605867	2.87752	3.6	
318.892	-331.635	-0.191429	-1	0.0710101	2.51136	3.4	
318.964	-331.281	-0.192885	-1	0.0624527	2.5433	3.1	
319.045	-330.826	-0.178253	-1	0.0708395	2.28845	2.9	
319.153	-330.283	-0.170899	-1	0.07111	2.1582	2.7	
319.206	-330.006	-0.171512	-1	0.0633857	2.04139	2.4	
319.296	-329.552	-0.165144	-1	0.0634155	2.07081	2.3	
319.422	-328.921	-0.15874	-1	0.0634774	2.01362	2.2	
319.485	-328.555	-0.142081	-1	0.0737886	1.80043	2.1	
319.557	-328.189	-0.130547	-1	0.0779441	1.87183	2.1	
319.682	-327.558	-0.124035	-1	0.076662	1.94071	2	
319.772	-327.092	-0.118519	-1	0.0745112	1.75929	1.9	
319.817	-326.826	-0.10917	-1	0.07641	1.69371	1.9	
319.907	-326.361	-0.10171	-1	0.0762282	1.71647	1.8	
320.051	-325.63	-0.0919374	-1	0.0783783	1.70333	1.8	
320.086	-325.452	-0.0838669	-1	0.078611	1.73224	1.8	
320.158	-325.087	-0.0883037	-1	0.0663131	1.71886	1.7	
320.284	-324.444	-0.075433	-1	0.0725525	1.67117	1.7	
320.374	-323.99	-0.0696293	-1	0.0711009	1.68718	1.7	
320.419	-323.713	-0.0587019	-1	0.0749182	1.48352	1.7	
320.58	-322.893	-0.0503885	-1	0.0757398	1.52765	1.7	
320.616	-322.716	-0.0545856	-1	0.0639687	1.51626	1.6	
320.724	-322.173	-0.0482442	-1	0.0639132	1.59362	1.6	
320.849	-321.53	-0.0479091	-1	0.057857	1.63959	1.6	
320.921	-321.164	-0.037672	-1	0.0623084	1.71368	1.5	
320.993	-320.799	-0.0395055	-1	0.0542441	1.57326	1.5	
321.11	-320.167	-0.0158886	-1	0.0724365	1.43689	1.5	
321.146	-319.99	-0.0176277	-1	0.0634538	1.46177	1.5	
321.218	-319.624	-0.0094066	-1	0.0653295	1.46606	1.5	
321.388	-318.804	-0.0135512	-1	0.054652	1.72061	1.5	
321.459	-318.439	-0.0151846	-1	0.0475533	1.59459	1.5	
321.495	-318.262	-0.00827517	-1	0.0497075	1.59866	1.6	
321.621	-317.63	-0.00381516	-1	0.0491967	1.63926	1.6	
321.729	-317.076	0.00149745	-0.998503	0.0495897	1.44022	1.6	
321.782	-316.799	0.00932769	-0.989175	0.0524609	1.57706	1.5	
321.89	-316.245	0.013699	-0.975476	0.0515862	1.1389	1.5	
321.998	-315.702	0.0247917	-0.950684	0.0575203	0.942294	1.5	
322.078	-315.325	0.0237899	-0.926894	0.0507664	0.992274	1.5	
322.204	-314.672	0.0347308	-0.892163	0.0566306	0.355962	1.3	
322.284	-314.295	0.0328127	-0.859351	0.0490495	0.410551	1.1	
322.356	-313.918	0.0373249	-0.822026	0.0486567	-0.0630472	0.9	
322.437	-313.542	0.0337828	-0.788243	0.040249	-0.0796704	0.6	
322.571	-312.877	0.0388842	-0.749359	0.0413255	-0.392308	0.4	
322.652	-312.489	0.037293	-0.712066	0.0356018	-0.525875	0.2	
322.724	-312.101	0.0490802	-0.662986	0.0438288	-0.925342	0	
322.858	-311.414	0.0561742	-0.606811	0.0465399	-1.03388	-0.1	
322.965	-310.927	0.0519685	-0.554843	0.0376802	-1.12552	-0.4	
323.019	-310.628	0.05281	-0.502033	0.0347537	-1.5993	-0.6	
323.127	-310.129	0.0506249	-0.451408	0.0290932	-1.72268	-0.8	
323.296	-309.332	0.0486209	-0.402787	0.0241798	-1.47272	-1.3	
323.332	-309.132	0.0552113	-0.347576	0.0283522	-1.83677	-1.4	
323.44	-308.634	0.0529594	-0.294616	0.0232652	-1.79682	-1.5	
323.61	-307.836	0.0503896	-0.244227	0.0183688	-1.45856	-1.6	
323.654	-307.625	0.0488931	-0.195334	0.0150355	-1.61064	-1.6	
323.735	-307.227	0.0478363	-0.147497	0.0124751	-1.87467	-1.6	
323.887	-306.518	0.0458083	-0.101689	0.00919958	-1.50556	-1.6	
323.994	-306.008	0.0466159	-0.0550732	0.00908726	-1.45628	-1.6	
324.057	-305.709	0.0436735	-0.0113998	0.00523607	-1.58798	-1.6	
324.217	-305	0.033178	0.0217783	-0.00578297	-0.815531	-1.5	
324.324	-304.49	0.0339654	0.0557436	-0.00441733	-0.749294	-1.4	
324.414	-304.092	0.0315154	0.0872591	-0.00642552	-0.524908	-1.2	
324.592	-303.283	0.027461	0.11472	-0.00983737	0.19965	-1	
324.645	-303.072	0.0153692	0.130089	-0.0209455	0.386773	-0.8	
324.753	-302.574	0.016859	0.146948	-0.0173612	0.672452	-0.3	
324.931	-301.754	0.0112771	0.158225	-0.0212069	1.32098	-0.1	
324.976	-301.555	0.0105898	0.168815	-0.0197735	1.37226	0.1	
325.092	-301.045	0.000776016	0.169591	-0.02761	1.9922	0.7	
325.27	-300.237	-0.00982444	0.159767	-0.0354494	2.92009	1.1	
325.315	-300.037	-0.0128145	0.146952	-0.0348945	3.14784	1.5	
325.475	-299.328	-0.0233835	0.123569	-0.0419741	3.79224	2.1	
325.573	-298.93	-0.0421141	0.0814547	-0.0565073	4.72192	2.6	
325.662	-298.52	-0.0424228	0.0390319	-0.0511652	5.24599	3.1	
325.823	-297.822	-0.0596513	-0.0206193	-0.0632772	6.4359	3.9	
325.938	-297.312	-0.0741552	-0.0947746	-0.0714534	7.40035	4.4	
326.01	-297.013	-0.0810109	-0.175785	-0.0711637	8.35647	5.2	
326.17	-296.304	-0.105177	-0.280962	-0.0882134	9.6074	6.1	
326.286	-295.795	-0.113925	-0.394887	-0.0881397	10.715	7.1	
326.357	-295.496	-0.120849	-0.515736	-0.0862502	11.9403	8.1	
326.473	-294.986	-0.140749	-0.656484	-0.0975248	13.2391	9.1	
326.66	-294.178	-0.161139	-0.817623	-0.108162	14.7901	10.6	
326.705	-293.978	-0.171753	-0.989377	-0.107961	16.2851	11.7	
326.82	-293.469	-0.185773	-1	-0.111184	16.1945	13.2	
326.999	-292.66	-0.20349	-1	-0.117783	15.6569	14.4	
327.044	-292.45	-0.204264	-1	-0.106778	15.3608	15	
327.133	-292.051	-0.214511	-1	-0.106348	14.9676	15.4	
327.293	-291.342	-0.234923	-1	-0.116125	14.4097	15.4	
327.409	-290.832	-0.251721	-1	-0.12131	14.0131	15.3	
327.517	-290.312	-0.253766	-1	-0.111224	13.3707	15.1	
327.66	-289.603	-0.263415	-1	-0.109751	12.5749	14.7	
327.749	-289.193	-0.268438	-1	-0.103799	11.9398	14.1	
327.839	-288.783	-0.285339	-1	-0.11032	11.6887	13.4	
327.982	-288.063	-0.279749	-1	-0.093698	10.7661	12.7	
328.063	-287.653	-0.287086	-1	-0.0916654	10.3784	12.3	
328.125	-287.342	-0.281552	-1	-0.0769646	10.0661	11.5	
328.304	-286.512	-0.299929	-1	-0.0876452	9.50751	11	
328.385	-286.102	-0.299446	-1	-0.078398	9.14051	10.5	
328.43	-285.891	-0.301216	-1	-0.0723278	8.86496	10.1	
328.528	-285.382	-0.303925	-1	-0.0678043	8.53941	9.8	
328.69	-284.55	-0.296489	-1	-0.0535875	7.75181	9.4	
328.735	-284.34	-0.297235	-1	-0.0489751	7.68267	8.7	
328.87	-283.62	-0.291977	-1	-0.0388194	7.10576	8.3	
328.995	-282.988	-0.291957	-1	-0.034917	6.78101	8	
329.049	-282.678	-0.276748	-1	-0.0162171	6.36403	7.7	
329.211	-281.847	-0.269545	-1	-0.00739172	5.85493	7.3	
329.3	-281.426	-0.279743	-1	-0.0168511	5.71764	6.8	
329.345	-281.215	-0.279546	-1	-0.014969	5.72379	6.4	
329.525	-280.274	-0.265412	-1	0.000662573	5.11693	6.1	
329.597	-279.864	-0.258652	-1	0.00735611	4.74874	5.9	
329.641	-279.653	-0.260143	-1	0.00512917	4.74206	5.5	
329.821	-278.711	-0.245001	-1	0.0197586	4.354	5.2	
329.893	-278.29	-0.229383	-1	0.0334	3.87522	4.9	
329.938	-278.08	-0.230159	-1	0.0292845	3.85026	4.5	
330.073	-277.337	-0.222202	-1	0.0343126	3.40222	4.2	
330.172	-276.816	-0.207303	-1	0.0457806	3.24161	4	
330.235	-276.495	-0.207942	-1	0.0405636	3.20315	3.7	
330.415	-275.553	-0.202511	-1	0.0419383	2.89725	3.5	
330.496	-275.132	-0.194473	-1	0.0457827	2.71612	3.3	
330.54	-274.922	-0.194262	-1	0.041415	2.78036	3.1	
330.711	-273.969	-0.18043	-1	0.0511056	2.31684	2.9	
330.792	-273.548	-0.17246	-1	0.0539657	2.36642	2.8	
330.837	-273.337	-0.174934	-1	0.0460949	2.38811	2.5	
330.972	-272.606	-0.159204	-1	0.0572153	2.21235	2.5	
331.098	-271.963	-0.159755	-1	0.0509425	2.22851	2.4	
331.152	-271.653	-0.153739	-1	0.0518646	2.10091	2.3	
331.314	-270.8	-0.145601	-1	0.0548163	2.06366	2.2	
331.394	-270.379	-0.138449	-1	0.0564858	2.00063	2.2	
331.431	-270.168	-0.131687	-1	0.0576	1.98705	2.2	
331.61	-269.215	-0.116491	-1	0.0670354	1.97755	2.1	
331.673	-268.905	-0.127593	-1	0.0492303	2.04988	2.1	
331.736	-268.583	-0.120913	-1	0.050987	2.05532	2.1	
331.88	-267.841	-0.113756	-1	0.053045	2.09021	2	
332.005	-267.21	-0.114568	-1	0.0469291	2.2512	2	
332.059	-266.888	-0.107977	-1	0.0488273	2.08424	2	
332.221	-266.035	-0.0926322	-1	0.059289	2.12534	2	
332.302	-265.614	-0.0927192	-1	0.0532731	2.22134	2	
332.383	-265.193	-0.0794615	-1	0.0612036	2.20415	2.1	
332.464	-264.761	-0.0776544	-1	0.0568903	2.10916	2.1	
332.634	-263.908	-0.0729737	-1	0.055882	2.32021	2.1	
332.697	-263.597	-0.0729349	-1	0.0503325	2.38289	2.1	
332.778	-263.165	-0.0649559	-1	0.0532783	2.38666	2.1	
332.859	-262.744	-0.0597567	-1	0.0531497	2.5206	2.2	
333.011	-261.991	-0.0531162	-1	0.0544752	2.45236	2.2	
333.11	-261.459	-0.0383446	-1	0.0637993	2.49249	2.4	
333.173	-261.137	-0.0382289	-1	0.057535	2.52579	2.5	
333.361	-260.174	-0.0239076	-1	0.0661028	2.4144	2.5	
333.442	-259.752	-0.0188102	-1	0.0645899	2.3513	2.5	
333.487	-259.531	-0.0185082	-1	0.0584329	2.60005	2.5	
333.675	-258.567	-0.00520816	-1	0.0658897	2.42817	2.5	
333.765	-258.146	-0.000699343	-1	0.0638095	2.61912	2.5	
333.801	-257.924	0.00884003	-0.99116	0.066968	2.2707	2.5	
333.935	-257.282	-0.00101031	-0.99217	0.0504208	2.57228	2.5	
334.087	-256.528	0.0102141	-0.981956	0.0566032	2.50242	2.5	
334.168	-256.096	0.0171493	-0.964807	0.057878	2.19126	2.5	
334.258	-255.664	0.0103157	-0.954491	0.0452567	2.19262	2.4	
334.365	-255.121	0.017568	-0.936923	0.0479832	2.07333	2.4	
334.527	-254.257	0.0305124	-0.906411	0.0561293	1.71188	2.3	
334.617	-253.825	0.0280579	-0.878353	0.0480619	1.66318	2.2	
334.724	-253.282	0.0371707	-0.841182	0.0523685	1.3959	2.1	
334.832	-252.739	0.0349936	-0.806189	0.0449546	1.0782	1.8	
334.903	-252.418	0.0271452	-0.779043	0.0326107	1.09805	1.5	
335.011	-251.864	0.0300352	-0.749008	0.0322396	0.990313	1.4	
335.19	-251	0.028228	-0.72078	0.0272085	1.11336	1.3	
335.226	-250.778	0.0367633	-0.684017	0.0330229	0.736848	1.1	
335.316	-250.346	0.0322145	-0.651802	0.0251719	0.734367	1	
335.477	-249.581	0.0280095	-0.623793	0.0184496	0.809435	1	
335.585	-249.027	0.029136	-0.594657	0.0177312	0.764399	0.8	
335.647	-248.706	0.0250962	-0.569561	0.0119183	0.643404	0.8	
335.853	-247.72	0.0222509	-0.54731	0.00788114	0.803072	0.7	
335.943	-247.277	0.0206506	-0.526659	0.00549276	0.857728	0.7	
336.032	-246.845	0.0158826	-0.510777	0.00017541	0.911007	0.7	
336.193	-246.069	0.00943404	-0.501343	-0.00629066	1.30631	0.8	
336.238	-245.848	0.0108085	-0.490534	-0.00428718	1.17278	0.8	
336.328	-245.416	0.00616066	-0.484373	-0.00850626	1.33059	0.9	
336.542	-244.419	-0.00505716	-0.489431	-0.0188734	1.94294	1	
336.605	-244.086	-0.00175013	-0.491181	-0.0136791	1.92604	1.2	
336.676	-243.754	-0.0034934	-0.494674	-0.0140544	2.14582	1.6	
336.891	-242.746	-0.0082825	-0.502957	-0.0174381	2.59292	1.7	
336.989	-242.303	-0.0257828	-0.528739	-0.0331946	3.05105	1.9	
337.034	-242.081	-0.0216657	-0.550405	-0.025758	3.25078	2.1	
337.249	-241.062	-0.0295209	-0.579926	-0.0310375	3.74841	2.6	
337.347	-240.608	-0.0318715	-0.611798	-0.0302843	4.16717	2.9	
337.445	-240.153	-0.039932	-0.65173	-0.0353164	4.66542	3.2	
337.535	-239.699	-0.0329021	-0.684632	-0.0247548	4.93656	3.8	
337.713	-238.902	-0.0443333	-0.728965	-0.0337105	5.49248	4	
337.758	-238.669	-0.0442971	-0.773262	-0.0303033	5.91781	4.5	
337.901	-237.993	-0.0504023	-0.823664	-0.0333781	6.40696	4.9	
338.071	-237.184	-0.056496	-0.88016	-0.036134	6.88639	5.3	
338.196	-236.608	-0.0692403	-0.949401	-0.0452649	7.55047	5.9	
338.321	-236.043	-0.080158	-1	-0.0516561	8.04253	6.3	
338.393	-235.7	-0.0819919	-1	-0.0483245	7.94673	6.9	
338.581	-234.78	-0.0811238	-1	-0.0426239	7.66798	7.3	
338.634	-234.548	-0.0894632	-1	-0.0467009	7.82156	7.7	
338.75	-233.983	-0.0934095	-1	-0.0459771	7.54599	7.7	
338.947	-233.063	-0.108802	-1	-0.0567714	7.39111	7.7	
338.992	-232.831	-0.104175	-1	-0.0464675	7.34624	7.7	
339.117	-232.266	-0.112843	-1	-0.0504891	7.23204	7.7	
339.305	-231.346	-0.120597	-1	-0.053194	6.93076	7.7	
339.403	-230.892	-0.123988	-1	-0.0512654	6.91694	7.5	
339.475	-230.548	-0.128853	-1	-0.0510045	6.77998	7.2	
339.663	-229.629	-0.130001	-1	-0.0470519	6.49506	7.1	
339.708	-229.407	-0.131739	-1	-0.0440847	6.41875	7	
339.797	-228.942	-0.125832	-1	-0.0337688	6.11707	6.8	
339.967	-228.133	-0.129846	-1	-0.0344062	6.00413	6.6	
340.084	-227.557	-0.128572	-1	-0.0296917	5.84425	6.3	
340.155	-227.214	-0.1333	-1	-0.0314504	5.771	6.2	
340.37	-226.172	-0.134919	-1	-0.0299239	5.71714	6.1	
340.46	-225.718	-0.125282	-1	-0.0172945	5.54576	6	
340.505	-225.485	-0.131509	-1	-0.0217925	5.46817	5.9	
340.72	-224.444	-0.127107	-1	-0.0152113	5.35861	5.7	
340.809	-223.978	-0.126544	-1	-0.0131267	5.17861	5.6	
340.908	-223.513	-0.119987	-1	-0.00525734	5.1325	5.4	
341.024	-222.926	-0.119317	-1	-0.00406135	4.9389	5.3	
341.168	-222.217	-0.119145	-1	-0.00348364	4.86888	5.2	
341.239	-221.862	-0.116398	-1	-0.000388204	4.80592	5	
341.356	-221.275	-0.109641	-1	0.00640758	4.60573	5	
341.526	-220.444	-0.118332	-1	-0.00292413	4.63466	4.8	
341.616	-219.957	-0.106719	-1	0.00898115	4.37757	4.7	
341.715	-219.48	-0.107012	-1	0.00779036	4.48042	4.6	
341.885	-218.627	-0.102407	-1	0.0116166	4.32804	4.5	
341.983	-218.14	-0.106747	-1	0.0061144	4.26437	4.4	
342.073	-217.652	-0.0972293	-1	0.0150208	4.2613	4.3	
342.244	-216.799	-0.0973097	-1	0.0134383	4.19099	4.2	
342.369	-216.189	-0.0975174	-1	0.0118867	4.21893	4.2	
342.486	-215.569	-0.0857541	-1	0.0224613	4.1065	4.2	
342.611	-214.949	-0.0902305	-1	0.0157388	4.10825	4.2	
342.71	-214.461	-0.0936523	-1	0.0107431	4.0948	4.2	
342.862	-213.708	-0.0871898	-1	0.0161314	4.18845	4.2	
342.988	-213.087	-0.0951634	-1	0.0065446	4.19362	4.2	
343.113	-212.467	-0.0861257	-1	0.0149278	4.32535	4.1	
343.185	-212.09	-0.0880257	-1	0.011535	4.23743	4.1	
343.284	-211.591	-0.0863527	-1	0.0120545	4.1696	4.2	
343.508	-210.45	-0.0838446	-1	0.0133572	4.10403	4.1	
343.607	-209.952	-0.0786729	-1	0.0171932	4.03306	4.1	
343.705	-209.442	-0.0751181	-1	0.0190287	3.95438	4.1	
343.885	-208.556	-0.0776666	-1	0.0145772	4.10342	4	
343.956	-208.179	-0.0753824	-1	0.0154038	4.07372	4	
344.037	-207.791	-0.0732616	-1	0.0159841	4.13049	4	
344.189	-207.027	-0.0812107	-1	0.0064367	4.14711	4	
344.369	-206.129	-0.0793796	-1	0.00762409	4.07969	4	
344.494	-205.486	-0.0724803	-1	0.0137609	4.14041	4	
344.566	-205.099	-0.063644	-1	0.0212212	4.08214	4	
344.701	-204.445	-0.0763264	-1	0.0064167	4.13322	4	
344.907	-203.403	-0.0698083	-1	0.0122931	4.20729	4	
344.952	-203.149	-0.0613738	-1	0.0194983	4.13229	4	
345.086	-202.495	-0.0742298	-1	0.00469249	4.22113	4	
345.293	-201.442	-0.0754853	-1	0.00296768	4.2929	4.2	
345.346	-201.176	-0.0762475	-1	0.00190875	4.32175	4.2	
345.472	-200.523	-0.0618433	-1	0.016122	4.19615	4.2	
345.687	-199.47	-0.0780291	-1	-0.0016759	4.32978	4.2	
345.786	-198.949	-0.070872	-1	0.00564875	4.24951	4.2	
345.92	-198.296	-0.070473	-1	0.00548287	4.26065	4.2	
346.019	-197.764	-0.0643156	-1	0.011092	4.12312	4.2	
346.172	-196.977	-0.0600734	-1	0.0142249	4.17191	4.2	
346.306	-196.323	-0.0623868	-1	0.0104891	4.20469	4.2	
346.432	-195.67	-0.0639712	-1	0.00785582	4.1604	4.2	
346.512	-195.282	-0.0655352	-1	0.00550617	4.28328	4.1	
346.611	-194.761	-0.0605402	-1	0.00995062	4.25122	4.2	
346.845	-193.576	-0.0628267	-1	0.00666899	3.9685	4.2	
346.952	-193.055	-0.0689571	-1	-0.000128298	4.02263	4.1	
347.059	-192.534	-0.0741029	-1	-0.00526127	3.99987	4.1	
347.185	-191.88	-0.0643592	-1	0.00500857	3.83642	4	
347.319	-191.216	-0.066518	-1	0.00234891	3.90413	4	
347.391	-190.828	-0.0704694	-1	-0.00183732	3.82278	4	
347.625	-189.642	-0.0713647	-1	-0.00254895	3.63415	3.9	
347.732	-189.122	-0.0692909	-1	-0.000220259	3.62129	3.8	
347.786	-188.856	-0.0718149	-1	-0.00272219	3.60085	3.6	
347.965	-187.936	-0.0647038	-1	0.00466109	3.51068	3.6	
348.118	-187.149	-0.0630194	-1	0.00587943	3.49196	3.6	
348.199	-186.75	-0.0752604	-1	-0.00694959	3.54388	3.6	
348.351	-185.964	-0.0682843	-1	0.000721538	3.40811	3.5	
348.513	-185.166	-0.0732798	-1	-0.00434619	3.51294	3.5	
348.585	-184.767	-0.0743595	-1	-0.0049912	3.40792	3.5	
348.8	-183.715	-0.0802892	-1	-0.0104218	3.46991	3.5	
348.898	-183.183	-0.0743765	-1	-0.00346692	3.39722	3.4	
349.006	-182.651	-0.0847619	-1	-0.0135056	3.45805	3.4	
349.159	-181.853	-0.0796257	-1	-0.00701892	3.31968	3.4	
349.311	-181.055	-0.076121	-1	-0.00281229	3.22232	3.4	
349.392	-180.656	-0.0751477	-1	-0.00155771	3.29103	3.3	
349.5	-180.125	-0.079103	-1	-0.00535726	3.32507	3.3	
349.679	-179.194	-0.0742592	-1	2.22701e-05	3.31327	3.3	
349.814	-178.529	-0.0782386	-1	-0.0039594	3.37395	3.2	
349.894	-178.119	-0.0804909	-1	-0.00581576	3.37934	3.2	
350.074	-177.188	-0.0757243	-1	-0.000467567	3.21705	3.2	
350.208	-176.513	-0.0772422	-1	-0.00193874	3.25951	3.3	
350.289	-176.114	-0.0798848	-1	-0.00438742	3.25204	3.3	
350.477	-175.172	-0.0758246	-1	0.000111536	2.97967	3.3	
350.585	-174.64	-0.069501	-1	0.00642398	2.98863	3.2	
350.692	-174.097	-0.0711183	-1	0.0041643	2.88272	3	
350.881	-173.155	-0.0665348	-1	0.00833136	2.83122	3	
350.988	-172.624	-0.0602134	-1	0.0138196	2.80335	3	
351.096	-172.081	-0.0618427	-1	0.0108084	2.61119	2.9	
351.293	-171.139	-0.0654996	-1	0.0060706	2.6871	2.8	
351.419	-170.463	-0.0482754	-1	0.0226877	2.51602	2.7	
351.499	-170.064	-0.0523823	-1	0.0163121	2.45606	2.6	
351.642	-169.389	-0.0548921	-1	0.0121711	2.52425	2.6	
351.875	-168.303	-0.0735754	-1	-0.00772931	2.70428	2.6	
351.982	-167.76	-0.0643697	-1	0.00224924	2.59823	2.5	
352.117	-167.095	-0.0711106	-1	-0.00471653	2.65356	2.4	
352.224	-166.552	-0.0707286	-1	-0.00386291	2.67995	2.4	
352.386	-165.743	-0.0640559	-1	0.00319611	2.57492	2.4	
352.547	-164.935	-0.067688	-1	-0.00075558	2.60588	2.4	
352.636	-164.536	-0.0787639	-1	-0.011756	2.70771	2.4	
352.797	-163.727	-0.0779283	-1	-0.00974473	2.78587	2.5	
352.905	-163.184	-0.08061	-1	-0.0114519	2.79204	2.6	
353.04	-162.519	-0.0742125	-1	-0.00390925	2.83226	2.6	
353.174	-161.844	-0.0777138	-1	-0.00701967	2.80719	2.7	
353.255	-161.445	-0.0755421	-1	-0.00414595	2.75876	2.7	
353.451	-160.503	-0.0841354	-1	-0.0123246	2.94291	2.7	
353.586	-159.838	-0.0874616	-1	-0.0144184	2.90416	2.8	
353.666	-159.439	-0.0883136	-1	-0.0138286	2.94677	2.8	
353.917	-158.232	-0.0877743	-1	-0.0119064	3.07918	2.8	
354.025	-157.7	-0.0903669	-1	-0.0133084	3.12799	2.8	
354.078	-157.434	-0.0901479	-1	-0.0117585	3.15851	2.9	
354.275	-156.503	-0.0919916	-1	-0.0124264	3.30416	2.9	
354.436	-155.706	-0.0921334	-1	-0.0113256	3.37354	3	
354.517	-155.307	-0.0934072	-1	-0.0114668	3.33751	3.1	
354.651	-154.653	-0.0869611	-1	-0.00387405	3.53349	3.2	
354.848	-153.723	-0.0940126	-1	-0.0105381	3.68757	3.3	
354.982	-153.069	-0.0868722	-1	-0.00234394	3.63987	3.4	
355.063	-152.67	-0.0756453	-1	0.00911741	3.83123	3.4	
355.197	-152.005	-0.0775984	-1	0.00625254	3.85778	3.5	
355.421	-150.964	-0.0790095	-1	0.00421618	4.08811	3.7	
355.474	-150.698	-0.0802161	-1	0.00258797	4.07764	3.8	
355.662	-149.779	-0.0710662	-1	0.011479	4.20336	3.9	
355.77	-149.258	-0.0703639	-1	0.0110335	4.26995	3.9	
355.931	-148.482	-0.0647553	-1	0.0155387	4.32476	4	
356.065	-147.829	-0.0662003	-1	0.0125399	4.36547	4.2	
356.199	-147.186	-0.069726	-1	0.00776015	4.37259	4.2	
356.28	-146.798	-0.0614577	-1	0.0152525	4.3835	4.2	
356.441	-146.023	-0.0636929	-1	0.011492	4.43854	4.3	
356.629	-145.114	-0.0533581	-1	0.0206776	4.46752	4.3	
356.736	-144.605	-0.0578825	-1	0.0140854	4.51299	4.4	
356.844	-144.084	-0.0587284	-1	0.011831	4.48738	4.4	
357.031	-143.187	-0.0605828	-1	0.00879352	4.54463	4.4	
357.139	-142.677	-0.0541998	-1	0.0142971	4.54437	4.4	
357.246	-142.167	-0.0578777	-1	0.0091895	4.55861	4.5	
357.434	-141.27	-0.0584981	-1	0.0076502	4.68218	4.5	
357.541	-140.76	-0.0586821	-1	0.00670114	4.68026	4.5	
357.64	-140.251	-0.0517337	-1	0.0129794	4.60271	4.5	
357.774	-139.608	-0.0555385	-1	0.00787672	4.58003	4.5	
357.908	-138.966	-0.054148	-1	0.00847949	4.63083	4.5	
357.989	-138.589	-0.0592686	-1	0.002511	4.63551	4.5	
358.168	-137.691	-0.052897	-1	0.00863152	4.61945	4.7	
358.329	-136.927	-0.0548612	-1	0.00580417	4.61555	4.7	
358.436	-136.417	-0.0651653	-1	-0.00508036	4.76244	4.7	
358.624	-135.531	-0.0691774	-1	-0.00858443	4.76552	4.7	
358.731	-135.022	-0.0730325	-1	-0.0115811	4.75017	4.6	
358.83	-134.512	-0.0624079	-1	0.000201635	4.81832	4.6	
359.018	-133.615	-0.0769477	-1	-0.0143584	4.94241	4.7	
359.125	-133.105	-0.075516	-1	-0.0114908	4.91767	4.7	
359.179	-132.85	-0.0772699	-1	-0.0120957	4.93147	4.7	
359.358	-131.953	-0.0706749	-1	-0.00429108	4.8673	4.8	
359.519	-131.188	-0.0844005	-1	-0.0175875	4.90364	4.8	
359.6	-130.812	-0.0869481	-1	-0.0183764	5.03202	4.8	
359.761	-130.047	-0.0911264	-1	-0.020717	5.05085	4.8	
359.913	-129.272	-0.0816979	-1	-0.00921689	4.998	4.9	
359.994	-128.895	-0.082492	-1	-0.0090893	4.99428	5	
360.208	-127.865	-0.0879987	-1	-0.013687	5.09538	5	
360.307	-127.355	-0.0820013	-1	-0.00632091	4.97097	5	
360.361	-127.1	-0.0837402	-1	-0.00742777	4.97108	5	
360.522	-126.325	-0.0838861	-1	-0.00683086	5.00579	5	
360.701	-125.427	-0.0793133	-1	-0.00157502	4.85689	4.9	
360.808	-124.918	-0.0807404	-1	-0.00284457	4.89805	5	
360.969	-124.142	-0.0846588	-1	-0.00647853	4.97678	4.9	
361.13	-123.378	-0.0867753	-1	-0.00794716	5.02809	4.9	
361.211	-122.99	-0.0972392	-1	-0.0176163	5.07985	4.9	
361.31	-122.48	-0.0870402	-1	-0.00565572	4.92906	4.9	
361.417	-121.959	-0.0905242	-1	-0.00857416	5.04609	5	
361.605	-121.062	-0.090501	-1	-0.00769349	5.12959	5	
361.731	-120.408	-0.0842621	-1	-0.000685264	4.96162	5	
361.838	-119.899	-0.0904496	-1	-0.00680428	5.02601	5	
362.044	-118.868	-0.0838829	-1	0.000442916	4.95961	5	
362.098	-118.613	-0.0897544	-1	-0.00547293	4.99159	5	
362.205	-118.093	-0.0900388	-1	-0.00521001	5.01094	5	
362.393	-117.195	-0.100887	-1	-0.0155368	5.1275	4.9	
362.519	-116.553	-0.0914674	-1	-0.00456399	5.02764	5	
362.599	-116.176	-0.101832	-1	-0.0144721	5.13095	5	
362.778	-115.279	-0.0975482	-1	-0.00874113	5.04348	5	
362.913	-114.636	-0.104304	-1	-0.0146224	5.17906	5	
362.993	-114.248	-0.103887	-1	-0.0127433	5.20048	5	
363.218	-113.096	-0.101772	-1	-0.00935421	4.95398	5	
363.325	-112.586	-0.10398	-1	-0.0106268	5.04135	5	
363.378	-112.332	-0.113557	-1	-0.0191413	5.11088	5	
363.611	-111.19	-0.11199	-1	-0.01566	5.07597	5	
363.71	-110.681	-0.109082	-1	-0.0111864	5.06808	5	
363.764	-110.426	-0.113063	-1	-0.014048	5.0982	5	
363.916	-109.661	-0.106711	-1	-0.00629146	4.87332	5	
364.095	-108.764	-0.110916	-1	-0.00986737	4.85721	5	
364.23	-108.121	-0.112187	-1	-0.0101516	4.9093	5	
364.302	-107.745	-0.114106	-1	-0.0110557	4.80317	5	
364.481	-106.847	-0.109632	-1	-0.00547569	4.67545	5	
364.58	-106.326	-0.105882	-1	-0.0011784	4.5633	5	
364.687	-105.817	-0.116127	-1	-0.0113053	4.61095	4.9	
364.866	-104.919	-0.113643	-1	-0.007691	4.45894	4.8	
364.992	-104.277	-0.10848	-1	-0.00175878	4.38669	4.6	
365.072	-103.889	-0.113514	-1	-0.00661753	4.4056	4.5	
365.252	-102.98	-0.112328	-1	-0.00476885	4.36487	4.5	
365.386	-102.327	-0.119646	-1	-0.01161	4.26586	4.5	
365.458	-101.939	-0.112297	-1	-0.00310007	4.16323	4.4	
365.646	-101.03	-0.116315	-1	-0.00680871	4.25466	4.3	
365.772	-100.377	-0.111046	-1	-0.000858864	4.21612	4.2	
365.852	-99.9889	-0.117619	-1	-0.00734612	4.2001	4.2	
366.032	-99.0693	-0.108293	-1	0.0027147	4.04997	4.2	
366.139	-98.5486	-0.113227	-1	-0.00249059	4.08211	4.1	
366.319	-97.6289	-0.108865	-1	0.00212072	3.98087	4.1	
366.399	-97.2301	-0.107994	-1	0.00277908	4.00205	4	
366.48	-96.8423	-0.112055	-1	-0.00155954	4.06838	3.9	
366.668	-95.9117	-0.116198	-1	-0.00554613	4.11498	3.9	
366.821	-95.1139	-0.109074	-1	0.00213178	4.03022	4	
366.901	-94.715	-0.100351	-1	0.0106421	4.02875	4	
367.036	-94.0502	-0.105227	-1	0.00470143	3.95421	4	
367.224	-93.1196	-0.10841	-1	0.00104896	3.9437	4	
367.331	-92.5878	-0.110921	-1	-0.00156744	3.98607	4	
367.439	-92.056	-0.112451	-1	-0.00294031	3.98588	4	
367.565	-91.38	-0.104494	-1	0.00531097	3.81538	3.9	
367.78	-90.3053	-0.0977749	-1	0.0114985	3.85205	3.9	
367.834	-90.0394	-0.10202	-1	0.00610374	3.8542	3.9	
367.941	-89.5076	-0.101072	-1	0.00644101	3.76126	3.9	
368.129	-88.5658	-0.0944717	-1	0.0123973	3.77362	3.8	
368.264	-87.8899	-0.0974201	-1	0.00820924	3.79028	3.8	
368.345	-87.4911	-0.0966134	-1	0.00819496	3.95599	3.8	
368.587	-86.2834	-0.0907459	-1	0.013243	3.96034	3.7	
368.694	-85.7405	-0.0903745	-1	0.0122901	4.00003	3.7	
368.748	-85.4746	-0.0925899	-1	0.00884574	3.99508	3.7	
368.936	-84.5328	-0.0924022	-1	0.00814886	3.92367	3.8	
369.098	-83.724	-0.0863437	-1	0.0133925	3.90926	3.8	
369.178	-83.3252	-0.0879854	-1	0.0104115	3.92478	3.8	
369.34	-82.5164	-0.0883468	-1	0.00900898	3.97777	3.8	
369.501	-81.7075	-0.0901552	-1	0.00629965	4.01039	3.9	
369.582	-81.3087	-0.0903693	-1	0.00545562	4.03866	3.9	
369.743	-80.4999	-0.0814469	-1	0.0138324	4.08336	3.9	
369.904	-79.7021	-0.0855786	-1	0.00831751	4.15829	3.9	
369.985	-79.2922	-0.0838867	-1	0.00917758	4.16339	4	
370.119	-78.6274	-0.08531	-1	0.00683656	4.09059	4	
370.308	-77.6968	-0.0851106	-1	0.00635228	4.2724	4	
370.442	-77.0209	-0.086973	-1	0.00385469	4.2533	4	
370.523	-76.622	-0.0899774	-1	0.00046482	4.30231	4.1	
370.711	-75.6914	-0.0931727	-1	-0.00277693	4.28184	4.1	
370.845	-75.0266	-0.0867146	-1	0.00395885	4.31393	4.2	
370.98	-74.3618	-0.089105	-1	0.00117257	4.36733	4.2	
371.114	-73.6971	-0.0908568	-1	-0.000696503	4.42385	4.2	
371.248	-73.0323	-0.0905615	-1	-0.000331624	4.3857	4.2	
371.329	-72.6335	-0.0925648	-1	-0.0023017	4.41282	4.3	
371.517	-71.6917	-0.0904373	-1	5.59214e-05	4.44722	4.4	
371.652	-71.0269	-0.0918262	-1	-0.00133849	4.42878	4.4	
371.732	-70.6281	-0.0968681	-1	-0.00624663	4.33774	4.4	
371.92	-69.6974	-0.0925623	-1	-0.00131616	4.38133	4.4	
372.046	-69.0326	-0.0831429	-1	0.00823488	4.3033	4.4	
372.127	-68.6337	-0.0876221	-1	0.00293224	4.28764	4.4	
372.261	-67.9689	-0.0984932	-1	-0.00823215	4.31578	4.4	
372.476	-66.9053	-0.101559	-1	-0.0104751	4.26085	4.3	
372.53	-66.6394	-0.0998688	-1	-0.007737	4.27249	4.3	
372.665	-65.9636	-0.0939202	-1	-0.0010147	4.25577	4.3	
372.88	-64.8999	-0.096986	-1	-0.00397906	4.12307	4.3	
372.925	-64.634	-0.0903336	-1	0.00307129	3.97693	4.3	
373.113	-63.7033	-0.0945063	-1	-0.0014085	3.99918	4.2	
373.22	-63.1715	-0.0960364	-1	-0.00279784	4.01318	4.1	
373.382	-62.3627	-0.0963962	-1	-0.00287786	4.04916	4	
373.543	-61.5649	-0.103128	-1	-0.00932163	4.04046	4	
373.678	-60.8891	-0.102206	-1	-0.0074676	4.00974	4	
373.758	-60.4902	-0.103848	-1	-0.00836339	3.9773	3.9	
373.866	-59.9584	-0.0999236	-1	-0.00360219	3.95255	3.9	
374.081	-58.8837	-0.102047	-1	-0.00536561	3.88128	3.9	
374.135	-58.6067	-0.0995184	-1	-0.00230016	3.81905	3.9	
374.269	-57.9308	-0.101412	-1	-0.00396392	3.75217	3.8	
374.484	-56.8561	-0.0953204	-1	0.00252427	3.77524	3.7	
374.538	-56.5902	-0.0994452	-1	-0.00185303	3.77916	3.7	
374.646	-56.0473	-0.0990608	-1	-0.00128326	3.70371	3.7	
374.834	-55.1055	-0.101329	-1	-0.00342318	3.71259	3.7	
374.968	-54.4297	-0.0949716	-1	0.00327657	3.65373	3.6	
375.049	-54.0197	-0.0924086	-1	0.00551185	3.70009	3.7	
375.184	-53.3439	-0.0962312	-1	0.0011381	3.62242	3.8	
375.407	-52.2581	-0.106899	-1	-0.00964364	3.59628	3.7	
375.515	-51.7152	-0.1009	-1	-0.00268009	3.66499	3.6	
375.596	-51.3052	-0.0983875	-1	0.000100369	3.66611	3.6	
375.811	-50.2194	-0.100786	-1	-0.00230833	3.68095	3.6	
375.865	-49.9535	-0.102586	-1	-0.003877	3.61885	3.6	
376.107	-48.7348	-0.0916497	-1	0.00744666	3.57514	3.5	
376.214	-48.1918	-0.094395	-1	0.00395673	3.48591	3.5	
376.331	-47.649	-0.0981799	-1	-0.000223858	3.55734	3.5	
376.519	-46.7072	-0.0916746	-1	0.00630383	3.50824	3.5	
376.626	-46.1643	-0.0902415	-1	0.00710648	3.49734	3.5	
376.743	-45.6215	-0.0982975	-1	-0.00166012	3.64377	3.4	
376.877	-44.9567	-0.0966301	-1	0.000173326	3.58861	3.5	
377.011	-44.2809	-0.0930305	-1	0.00375552	3.58427	3.5	
377.146	-43.6161	-0.0992669	-1	-0.00285644	3.57929	3.5	
377.334	-42.6854	-0.0993713	-1	-0.00267515	3.52725	3.4	
377.442	-42.1536	-0.096838	-1	0.000125675	3.45613	3.4	
377.495	-41.8877	-0.097578	-1	-0.000626888	3.44709	3.5	
377.683	-40.9682	-0.0955635	-1	0.00145029	3.44109	3.4	
377.844	-40.1815	-0.0947347	-1	0.0021341	3.3131	3.4	
377.952	-39.6608	-0.0930714	-1	0.00358394	3.34394	3.4	
378.14	-38.7524	-0.0999547	-1	-0.00365777	3.49114	3.4	
378.247	-38.2317	-0.101288	-1	-0.00462533	3.4977	3.4	
378.301	-37.9768	-0.0979714	-1	-0.000846103	3.51899	3.4	
378.48	-37.0794	-0.0894212	-1	0.00778872	3.49595	3.4	
378.641	-36.3039	-0.0983518	-1	-0.00192083	3.56155	3.4	
378.722	-35.9272	-0.0978073	-1	-0.0011842	3.62058	3.4	
378.901	-35.0409	-0.103895	-1	-0.00715346	3.65558	3.4	
379.035	-34.4094	-0.103956	-1	-0.00649907	3.86114	3.4	
379.134	-33.8997	-0.0948479	-1	0.00325886	3.75977	3.4	
379.241	-33.4012	-0.0971122	-1	0.000668653	4.00853	3.5	
379.42	-32.5259	-0.0959824	-1	0.00173162	4.06871	3.5	
379.545	-31.9055	-0.0933645	-1	0.00417634	4.15899	3.7	
379.626	-31.5288	-0.10536	-1	-0.0082366	4.22852	3.8	
379.805	-30.6536	-0.0986751	-1	-0.000728209	4.37479	3.9	
379.912	-30.1551	-0.10096	-1	-0.00293997	4.59973	4.1	
380.011	-29.6565	-0.102705	-1	-0.00439131	4.50155	4.2	
380.19	-28.7812	-0.096006	-1	0.0027468	4.57733	4.3	
380.324	-28.1609	-0.0996301	-1	-0.00115193	4.77415	4.4	
380.396	-27.7841	-0.0979498	-1	0.000643576	4.65354	4.4	
380.583	-26.9201	-0.105307	-1	-0.00677821	5.01814	4.5	
380.682	-26.4104	-0.0987199	-1	0.000486902	4.88909	4.6	
380.789	-25.9119	-0.0973882	-1	0.00176992	5.0492	4.8	
380.968	-25.0366	-0.0985713	-1	0.000409837	5.19801	4.8	
381.076	-24.5381	-0.100872	-1	-0.00193226	5.33512	4.9	
381.255	-23.6628	-0.0941664	-1	0.00496694	5.32476	5	
381.353	-23.1642	-0.0859502	-1	0.0126865	5.31056	5.1	
381.407	-22.9094	-0.0865912	-1	0.0107768	5.30737	5.1	
381.541	-22.2891	-0.0876704	-1	0.0086199	5.446	5.2	
381.747	-21.2809	-0.0729769	-1	0.0224515	5.40932	5.3	
381.792	-21.026	-0.0651987	-1	0.0279845	5.37441	5.4	
381.971	-20.1507	-0.0640989	-1	0.0262858	5.28527	5.4	
382.132	-19.3974	-0.0682603	-1	0.0194958	5.52683	5.4	
382.204	-19.0207	-0.0641472	-1	0.0216594	5.41785	5.4	
382.338	-18.4003	-0.0643648	-1	0.0192759	5.58891	5.4	
382.517	-17.514	-0.0596189	-1	0.0220942	5.56043	5.4	
382.642	-16.8824	-0.0512773	-1	0.0282264	5.431	5.4	
382.723	-16.5057	-0.0576466	-1	0.0190344	5.59053	5.4	
382.848	-15.8742	-0.0492933	-1	0.0254842	5.4284	5.5	
383.054	-14.866	-0.0553464	-1	0.0168828	5.45268	5.6	
383.099	-14.6222	-0.0464851	-1	0.0240558	5.31418	5.6	
383.233	-13.9907	-0.0465318	-1	0.0216034	5.43772	5.6	
383.439	-12.9825	-0.0548123	-1	0.0111626	5.44946	5.6	
383.485	-12.7277	-0.0438851	-1	0.0209735	5.25145	5.6	
383.619	-12.0962	-0.054867	-1	0.00789432	5.23911	5.5	
383.825	-11.088	-0.0578749	-1	0.00409694	5.14623	5.4	
383.87	-10.8331	-0.0500874	-1	0.0114748	4.98935	5.3	
384.004	-10.2016	-0.0600494	-1	0.000365285	5.05741	5.2	
384.201	-9.19335	-0.0659264	-1	-0.00554821	4.98107	5.2	
384.255	-8.93855	-0.0665712	-1	-0.00563819	4.99693	4.9	
384.434	-8.0522	-0.074188	-1	-0.0126911	5.11539	4.8	
384.56	-7.42065	-0.0757123	-1	-0.0129464	5.02805	4.9	
384.631	-7.04392	-0.077567	-1	-0.0135064	4.87985	5	
384.765	-6.41245	-0.0858548	-1	-0.0204435	4.97745	4.9	
384.972	-5.39315	-0.094146	-1	-0.0266905	4.987	4.8	
385.07	-4.89455	-0.095152	-1	-0.0250274	4.94269	4.8	
385.196	-4.25191	-0.0921808	-1	-0.0195534	4.9551	4.9	
385.321	-3.62037	-0.0920665	-1	-0.0174838	4.86121	4.9	
385.447	-2.98882	-0.0955882	-1	-0.0192571	4.78159	4.8	
385.527	-2.60106	-0.101304	-1	-0.0230467	4.92413	4.9	
385.671	-1.84759	-0.0956688	-1	-0.0151074	4.72672	4.8	
385.805	-1.20502	-0.101005	-1	-0.018933	4.70356	4.8	
385.904	-0.69533	-0.105489	-1	-0.0215232	4.65155	4.8	
386.11	0.323974	-0.111516	-1	-0.025398	4.797	4.8	
386.155	0.578858	-0.102748	-1	-0.0140902	4.62311	4.8	
386.289	1.22142	-0.115575	-1	-0.0255081	4.63132	4.8	
386.487	2.24081	-0.1084	-1	-0.0157828	4.55327	4.7	
386.541	2.50671	-0.109142	-1	-0.0149462	4.50673	4.6	
386.639	3.0164	-0.110881	-1	-0.0151908	4.41296	4.5	
386.819	3.91385	-0.10626	-1	-0.00905014	4.33407	4.5	
386.944	4.55649	-0.112673	-1	-0.0145587	4.24717	4.5	
387.025	4.94425	-0.112219	-1	-0.0126484	4.19353	4.4	
387.204	5.8528	-0.111737	-1	-0.0109021	4.21463	4.4	
387.33	6.49545	-0.109308	-1	-0.00738301	4.08645	4.3	
387.41	6.8832	-0.116841	-1	-0.0141769	4.12074	4.2	
387.635	8.04664	-0.106395	-1	-0.0023138	3.96184	4.2	
387.742	8.56735	-0.119524	-1	-0.0152113	3.98509	4.1	
387.788	8.83333	-0.11184	-1	-0.00600621	3.81921	4	
387.975	9.7418	-0.11287	-1	-0.00643549	3.95137	3.9	
388.128	10.5174	-0.117219	-1	-0.0101412	4.01085	3.8	
388.2	10.9163	-0.10757	-1	0.000522579	3.83018	3.8	
388.353	11.6919	-0.106002	-1	0.00203782	3.82078	3.8	
388.514	12.4785	-0.113207	-1	-0.0053707	3.86478	3.8	
388.594	12.8663	-0.117536	-1	-0.00916291	3.88391	3.8	
388.747	13.653	-0.111247	-1	-0.00195729	3.83184	3.8	
388.908	14.4396	-0.119507	-1	-0.0100221	3.99802	3.8	
388.98	14.8386	-0.110721	-1	-0.000233699	3.83765	3.8	
389.186	15.8912	-0.114843	-1	-0.00433227	3.8278	3.8	
389.294	16.4119	-0.119937	-1	-0.00899246	3.8746	3.8	
389.348	16.6778	-0.116994	-1	-0.00515081	3.84686	3.8	
389.581	17.8633	-0.111043	-1	0.00131497	3.7857	3.8	
389.688	18.384	-0.113429	-1	-0.0012022	3.80591	3.8	
389.742	18.6499	-0.122058	-1	-0.00971105	3.79046	3.8	
389.868	19.3037	-0.11493	-1	-0.00161164	3.61657	3.8	
390.083	20.3562	-0.112168	-1	0.00131123	3.70576	3.7	
390.128	20.6222	-0.106162	-1	0.00718623	3.56698	3.7	
390.316	21.5307	-0.11696	-1	-0.00433073	3.53288	3.6	
390.468	22.3174	-0.108686	-1	0.0043763	3.42948	3.6	
390.549	22.7051	-0.110208	-1	0.00241668	3.42636	3.5	
390.755	23.7466	-0.112465	-1	-8.14802e-05	3.28404	3.5	
390.863	24.2673	-0.113871	-1	-0.00147962	3.31947	3.4	
390.97	24.788	-0.114263	-1	-0.00172347	3.35725	3.3	
391.123	25.5747	-0.106004	-1	0.0067074	3.17767	3.3	
391.275	26.3503	-0.102977	-1	0.0090644	3.09531	3.2	
391.356	26.7381	-0.108025	-1	0.00310954	3.15507	3.1	
391.508	27.5137	-0.107533	-1	0.00329056	2.94676	3.1	
391.642	28.1674	-0.107816	-1	0.00267851	2.95483	3.1	
391.741	28.677	-0.100714	-1	0.00951326	2.87767	3.1	
391.849	29.1978	-0.109975	-1	-0.000699235	2.98479	3	
392.028	30.0952	-0.103392	-1	0.00595356	3.05082	2.9	
392.162	30.7378	-0.109172	-1	-0.000422402	3.1861	2.9	
392.234	31.1256	-0.102562	-1	0.00623073	3.06187	2.9	
392.422	32.023	-0.117538	-1	-0.00936873	3.33096	2.9	
392.521	32.5438	-0.105277	-1	0.00382885	3.20394	2.9	
392.673	33.3194	-0.104796	-1	0.00392767	3.32678	3	
392.807	33.9619	-0.1091	-1	-0.000769517	3.38738	3.1	
392.933	34.5935	-0.104526	-1	0.00388136	3.52842	3.1	
393.014	34.9812	-0.107088	-1	0.000931259	3.57046	3.2	
393.121	35.4908	-0.108455	-1	-0.000528874	3.76024	3.3	
393.3	36.3883	-0.110687	-1	-0.00270803	3.88875	3.4	
393.434	37.0198	-0.112786	-1	-0.00453641	4.07933	3.6	
393.506	37.4076	-0.0999506	-1	0.00875284	4.07538	3.7	
393.739	38.5488	-0.0979232	-1	0.00990495	4.12323	3.8	
393.846	39.0584	-0.104196	-1	0.00264141	4.45746	3.9	
393.945	39.5681	-0.0960806	-1	0.010493	4.50061	3.9	
394.052	40.0777	-0.0963949	-1	0.00912938	4.62001	4.2	
394.232	40.964	-0.0927107	-1	0.0119006	4.93726	4.3	
394.339	41.4736	-0.0948604	-1	0.00856086	4.98085	4.5	
394.518	42.36	-0.0864013	-1	0.0161639	5.31753	4.7	
394.625	42.8696	-0.0867048	-1	0.014244	5.57628	4.8	
394.724	43.3682	-0.0786309	-1	0.0208935	5.57815	5	
394.831	43.8778	-0.0789145	-1	0.0185205	5.82988	5.2	
394.957	44.5094	-0.0735871	-1	0.0219959	5.92688	5.5	
395.154	45.5176	-0.0623543	-1	0.0310291	5.98277	5.6	
395.199	45.7725	-0.0505383	-1	0.0397421	5.91495	5.7	
395.325	46.4041	-0.0353854	-1	0.0509208	5.93981	5.8	
395.531	47.4234	-0.0275556	-1	0.0536586	6.02598	5.9	
395.584	47.6671	-0.0333628	-1	0.0424855	6.09038	5.9	
395.683	48.1768	-0.0230477	-1	0.0485521	6.06467	5.9	
395.862	49.0631	-0.0222374	-1	0.0445071	6.23023	5.9	
395.988	49.6947	-0.0158901	-1	0.0464037	6.15811	6	
396.068	50.0713	-0.020684	-1	0.0369695	6.31938	6.2	
396.194	50.7029	-0.0178259	-1	0.0361306	6.18441	6.2	
396.391	51.7111	-0.00700799	-1	0.0433355	6.1546	6.2	
396.445	51.966	-0.0155464	-1	0.0304635	6.26393	6.3	
396.669	53.0961	-0.0109005	-1	0.0320631	6.17697	6.3	
396.741	53.4839	-0.00299053	-1	0.0367667	6.14043	6.2	
396.813	53.8607	-0.000120867	-1	0.0359597	6.05345	6.2	
396.938	54.4922	-0.00158301	-1	0.0309016	6.06072	6.1	
397.136	55.5005	0.00498187	-0.995018	0.0343763	6.06781	6.2	
397.19	55.7553	-0.00549917	-1	0.0204576	6.09364	6.1	
397.414	56.8854	-0.00366074	-1	0.0202503	6.00007	6.1	
397.512	57.3951	-0.00537383	-1	0.0165122	5.97156	6.1	
397.558	57.65	-0.00546931	-1	0.0147655	5.87699	6.1	
397.737	58.5364	-0.0154523	-1	0.00330594	5.75196	6.1	
397.889	59.2898	-0.0308269	-1	-0.0123992	5.66	6	
397.961	59.6776	-0.0363383	-1	-0.0166707	5.70459	5.6	
398.15	60.686	-0.0345707	-1	-0.0132361	5.507	5.6	
398.249	61.1957	-0.0432005	-1	-0.0205422	5.35443	5.6	
398.294	61.4394	-0.0470724	-1	-0.0223599	5.2714	5.7	
398.473	62.3258	-0.0623947	-1	-0.0354462	5.16026	5.6	
398.59	62.9685	-0.0660513	-1	-0.0355582	5.0021	5.3	
398.662	63.3453	-0.0678602	-1	-0.0338113	4.94875	5.2	
398.832	64.2317	-0.0773013	-1	-0.0398712	5.08016	5.2	
398.958	64.8632	-0.0876229	-1	-0.0462058	5.02666	5.2	
399.03	65.24	-0.0894017	-1	-0.0433639	5.00547	5.1	
399.2	66.1264	-0.101746	-1	-0.0513721	5.0684	5	
399.344	66.891	-0.0983703	-1	-0.042859	5.06881	5	
399.443	67.4007	-0.103239	-1	-0.0434417	5.044	5	
399.605	68.2872	-0.105195	-1	-0.0410533	4.86331	5	
399.659	68.542	-0.110596	-1	-0.0423494	4.87502	4.9	
399.749	69.0406	-0.104704	-1	-0.0322224	4.7173	4.8	
399.92	69.9382	-0.114234	-1	-0.0385298	4.74195	4.8	
400.063	70.7027	-0.115987	-1	-0.0364296	4.61652	4.9	
400.162	71.2124	-0.116736	-1	-0.0335362	4.55572	4.8	
400.288	71.844	-0.127958	-1	-0.0414041	4.7356	4.6	
400.423	72.6086	-0.121252	-1	-0.0305585	4.60155	4.7	
400.495	72.9854	-0.126953	-1	-0.0332037	4.51387	4.8	
400.612	73.6281	-0.119193	-1	-0.0221229	4.26172	4.7	
400.783	74.5145	-0.127474	-1	-0.0281917	4.1432	4.5	
400.881	75.0353	-0.125445	-1	-0.0233435	4.06251	4.4	
401.052	75.9217	-0.130029	-1	-0.0255928	3.84619	4.3	
401.151	76.4425	-0.120792	-1	-0.0137964	3.65541	4.2	
401.205	76.6973	-0.130208	-1	-0.0218327	3.70352	3.8	
401.348	77.4619	-0.124039	-1	-0.0134811	3.45883	3.7	
401.519	78.3595	-0.125641	-1	-0.0137353	3.27862	3.8	
401.645	78.991	-0.12519	-1	-0.0119104	3.1347	3.5	
401.717	79.3788	-0.120981	-1	-0.00651016	2.97891	3.1	
401.887	80.2764	-0.11375	-1	0.00137179	2.83361	3	
401.978	80.7861	-0.111054	-1	0.00393046	2.64333	3	
402.076	81.2958	-0.113675	-1	0.000916128	2.39355	2.9	
402.247	82.1934	-0.119349	-1	-0.00484903	2.27007	2.7	
402.346	82.703	-0.116957	-1	-0.00197218	2.17569	2.4	
402.445	83.2127	-0.116707	-1	-0.00152485	2.05727	2.3	
402.607	84.1103	-0.109941	-1	0.00539365	1.80666	2.2	
402.724	84.7531	-0.111944	-1	0.00285148	1.62859	2.1	
402.796	85.1298	-0.117446	-1	-0.00293546	1.57168	2.1	
402.921	85.7724	-0.114383	-1	0.000421089	1.41182	2	
403.119	86.7807	-0.123145	-1	-0.00838378	1.4211	1.7	
403.164	87.0467	-0.121401	-1	-0.00580103	1.23758	1.4	
403.289	87.6783	-0.119477	-1	-0.00329697	1.28342	1.5	
403.487	88.6976	-0.126199	-1	-0.00968919	0.99072	1.5	
403.532	88.9525	-0.126297	-1	-0.00881816	0.846184	1.4	
403.73	89.9719	-0.128736	-1	-0.0103754	0.550413	1.3	
403.81	90.3486	-0.135149	-1	-0.015751	0.511029	1	
403.909	90.8583	-0.131848	-1	-0.0108747	0.468845	0.8	
404.034	91.4898	-0.138232	-1	-0.0161719	0.302472	0.8	
404.232	92.5092	-0.140591	-1	-0.0169132	0.141798	0.7	
404.285	92.764	-0.140219	-1	-0.0148495	0.137974	0.5	
404.411	93.3955	-0.143405	-1	-0.016551	0.0438466	0.3	
404.608	94.4149	-0.129501	-1	-0.000991828	-0.0723102	0.3	
404.662	94.6697	-0.135817	-1	-0.00720852	-0.0453119	0.2	
404.761	95.1794	-0.133337	-1	-0.00400772	-0.0575731	0.1	
404.94	96.0658	-0.13083	-1	-0.00110041	-0.118719	0	
405.066	96.6973	-0.132387	-1	-0.0025468	-0.204646	0	
405.137	97.074	-0.126424	-1	0.00367076	-0.347043	0	
405.379	98.2151	-0.127872	-1	0.00185574	-0.318495	0	
405.486	98.7247	-0.13025	-1	-0.000708471	-0.278227	0	
405.585	99.2344	-0.122133	-1	0.00747996	-0.349834	-0.2	
405.773	100.121	-0.115142	-1	0.013723	-0.359952	-0.1	
405.853	100.497	-0.118749	-1	0.00874342	-0.326375	-0.1	
405.933	100.874	-0.119367	-1	0.00725086	-0.339315	-0.1	
406.175	102.015	-0.105238	-1	0.0206549	-0.634714	-0.2	
406.274	102.525	-0.0882314	-1	0.0355962	-0.918302	-0.2	
406.381	103.034	-0.0898239	-1	0.0304441	-0.970643	-0.3	
406.515	103.666	-0.0835297	-1	0.0336939	-1.12994	-0.4	
406.684	104.419	-0.0882372	-1	0.025617	-1.16625	-0.7	
406.792	104.929	-0.0796836	-1	0.0316089	-1.39181	-0.7	
406.961	105.693	-0.073825	-1	0.0343067	-1.62771	-0.7	
407.042	106.07	-0.0751299	-1	0.029571	-1.78381	-1	
407.157	106.579	-0.0698557	-1	0.0318881	-1.87692	-1.3	
407.354	107.465	-0.0653606	-1	0.0331945	-1.97506	-1.6	
407.523	108.23	-0.0603817	-1	0.0348539	-2.25372	-1.6	
407.604	108.606	-0.0615608	-1	0.0301894	-2.4411	-1.6	
407.782	109.371	-0.0548264	-1	0.0339048	-2.5628	-2	
407.924	110.002	-0.057673	-1	0.0276678	-2.75882	-2.1	
408.013	110.39	-0.051465	-1	0.031109	-2.8683	-2.3	
408.281	111.531	-0.0558981	-1	0.023565	-3.02731	-2.5	
408.396	112.04	-0.0524384	-1	0.0246682	-3.23337	-2.6	
408.521	112.561	-0.0585414	-1	0.0160984	-3.24097	-2.8	
408.637	113.07	-0.0520796	-1	0.0209504	-3.4123	-3.1	
408.886	114.089	-0.0679377	-1	0.00299723	-3.51897	-3.3	
408.975	114.477	-0.0593426	-1	0.0112926	-3.65938	-3.4	
409.09	114.986	-0.0537739	-1	0.015732	-3.88237	-3.4	
409.215	115.496	-0.0646129	-1	0.00331978	-3.93574	-3.5	
409.437	116.393	-0.073799	-1	-0.0061983	-4.08454	-3.7	
409.588	117.035	-0.071579	-1	-0.00335845	-4.37093	-3.9	
409.686	117.423	-0.0724463	-1	-0.00388986	-4.3886	-4	
409.97	118.575	-0.0812424	-1	-0.012297	-4.59872	-4	
410.068	118.951	-0.0795735	-1	-0.00939836	-4.60964	-4.1	
410.201	119.461	-0.0913585	-1	-0.0202436	-4.65408	-4.3	
410.396	120.236	-0.0879442	-1	-0.0148049	-4.83479	-4.5	
410.626	121.122	-0.085029	-1	-0.0104092	-5.02604	-4.5	
410.759	121.631	-0.0876095	-1	-0.0119488	-5.15074	-4.6	
410.901	122.151	-0.0934765	-1	-0.0166209	-5.24487	-5.1	
411.034	122.661	-0.0883368	-1	-0.00981911	-5.36812	-5.2	
411.202	123.292	-0.0862883	-1	-0.00678868	-5.42356	-5.2	
411.485	124.311	-0.0875305	-1	-0.0073521	-5.58129	-5.2	
411.556	124.565	-0.0914763	-1	-0.0105626	-5.6257	-5.3	
411.697	125.075	-0.0908119	-1	-0.008842	-5.71162	-5.6	
411.937	125.96	-0.0886435	-1	-0.00578941	-5.88188	-5.6	
412.122	126.591	-0.0908356	-1	-0.00740258	-5.92593	-5.6	
412.228	126.968	-0.0939075	-1	-0.00973417	-5.99449	-5.6	
412.476	127.853	-0.0884792	-1	-0.00333245	-6.25073	-5.7	
412.653	128.496	-0.0728379	-1	0.0126421	-6.5026	-5.8	
412.767	128.872	-0.0834441	-1	0.000771647	-6.44337	-5.9	
413.023	129.758	-0.0780556	-1	0.00608297	-6.63813	-6.1	
413.217	130.389	-0.0811036	-1	0.00242676	-6.70752	-6.3	
413.323	130.765	-0.0810894	-1	0.00219821	-6.77715	-6.5	
413.517	131.396	-0.0786744	-1	0.00439346	-6.66582	-6.6	
413.826	132.403	-0.0864718	-1	-0.00384334	-6.79928	-6.6	
413.905	132.647	-0.0840368	-1	-0.001024	-6.70571	-6.6	
414.178	133.532	-0.0787831	-1	0.00433209	-6.80801	-6.6	
414.416	134.285	-0.0780474	-1	0.0046346	-6.94753	-6.6	
414.531	134.661	-0.0704209	-1	0.0117976	-7.06534	-6.7	
414.733	135.292	-0.0687719	-1	0.0122669	-7.1033	-6.9	
415.015	136.166	-0.0696018	-1	0.0102102	-7.2741	-6.9	
415.217	136.797	-0.0616223	-1	0.0171688	-7.37894	-7	
415.341	137.173	-0.0617669	-1	0.0153073	-7.37407	-7	
415.552	137.793	-0.0622766	-1	0.0132669	-7.3569	-7.1	
415.886	138.8	-0.0562963	-1	0.0179205	-7.53389	-7.1	
415.974	139.043	-0.064104	-1	0.00832067	-7.49466	-7.1	
416.272	139.918	-0.0581004	-1	0.0134922	-7.54532	-7.3	
416.483	140.548	-0.0535069	-1	0.0167365	-7.73078	-7.3	
416.615	140.925	-0.0543873	-1	0.0141825	-7.77038	-7.3	
416.826	141.544	-0.0446024	-1	0.0225491	-7.90677	-7.5	
417.186	142.54	-0.0516674	-1	0.0132292	-7.81274	-7.5	
417.274	142.783	-0.0448069	-1	0.0187668	-7.84922	-7.6	
417.458	143.281	-0.0503538	-1	0.0113432	-7.8586	-7.7	
417.774	144.155	-0.0492924	-1	0.0112703	-7.79873	-7.7	
418.002	144.775	-0.0453224	-1	0.0141133	-7.84479	-7.7	
418.142	145.151	-0.045467	-1	0.0125573	-7.80699	-7.7	
418.563	146.268	-0.0449304	-1	0.0118382	-7.90211	-7.7	
418.747	146.777	-0.0329039	-1	0.0226809	-8.12189	-7.7	
418.843	147.02	-0.0390614	-1	0.0142553	-8.08086	-7.7	
419.176	147.894	-0.0315213	-1	0.0203699	-8.08349	-7.8	
419.466	148.646	-0.0299654	-1	0.0198888	-8.29807	-7.8	
419.614	149.011	-0.0351215	-1	0.0127438	-8.11209	-7.8	
419.903	149.763	-0.0262034	-1	0.0203875	-8.29816	-7.9	
420.201	150.504	-0.0324448	-1	0.0121074	-8.32343	-8	
420.358	150.88	-0.0318406	-1	0.0115008	-8.08358	-8	
420.612	151.511	-0.0356883	-1	0.00650301	-8.11986	-8	
420.962	152.373	-0.0276606	-1	0.0138805	-8.29972	-8	
421.172	152.882	-0.027657	-1	0.012496	-8.27413	-8	
421.373	153.379	-0.0163689	-1	0.0225345	-8.37084	-8.1	
421.741	154.253	-0.0196015	-1	0.0170485	-8.41583	-8.1	
422.003	154.872	-0.01568	-1	0.0192651	-8.41804	-8.2	
422.169	155.248	-0.0157102	-1	0.0173084	-8.25542	-8.1	
422.44	155.867	-0.0170852	-1	0.0142025	-8.20837	-8.2	
422.868	156.851	-0.00948921	-1	0.0203783	-8.13519	-8.2	
423.086	157.349	-0.0103274	-1	0.0175022	-8.01221	-8.2	
423.252	157.725	-0.00994994	-1	0.0161295	-8.08292	-8.2	
423.697	158.708	-0.0180588	-1	0.00640767	-7.9475	-8.1	
423.802	158.952	-0.0108577	-1	0.012968	-8.01363	-8.1	
424.082	159.571	-0.00727398	-1	0.0152549	-7.82813	-8.1	
424.535	160.554	-0.00742669	-1	0.0135767	-7.61882	-8	
424.649	160.798	-0.00231445	-1	0.0173313	-7.66149	-7.7	
424.937	161.416	-0.0126289	-1	0.00528374	-7.58746	-7.7	
425.399	162.389	-0.0136519	-1	0.00373236	-7.4094	-7.7	
425.512	162.632	-0.0181312	-1	-0.00112017	-7.2749	-7.5	
425.748	163.13	-0.00953094	-1	0.00759209	-7.37653	-7.3	
426.158	163.98	-0.00781194	-1	0.00855188	-7.343	-7.2	
426.454	164.588	-0.00784714	-1	0.00766149	-7.45209	-7.2	
426.689	165.074	-0.0117632	-1	0.00297932	-7.40896	-7.2	
427.055	165.815	-0.00693031	-1	0.00751424	-7.44854	-7.2	
427.291	166.301	-0.0014582	-1	0.0122349	-7.56448	-7.2	
427.718	167.152	0.00195691	-0.998043	0.0144265	-7.56719	-7.2	
427.961	167.638	-0.00187299	-0.999916	0.00915399	-7.58733	-7.2	
428.397	168.478	-0.0132025	-1	-0.00309087	-7.59249	-7.3	
428.641	168.964	-0.00962915	-1	0.000791515	-7.6314	-7.3	
428.893	169.45	-0.00171517	-1	0.00862635	-7.7954	-7.3	
429.268	170.179	0.000538952	-0.999461	0.0100178	-7.82916	-7.3	
429.651	170.897	-0.00453023	-1	0.00394686	-7.79151	-7.4	
429.834	171.262	0.010371	-0.989629	0.0184534	-7.98001	-7.5	
430.095	171.748	0.00309974	-0.986529	0.00933681	-7.99725	-7.5	
430.347	172.234	0.0105616	-0.975968	0.015865	-8.13914	-7.6	
430.799	173.073	0.00742054	-0.968547	0.0111374	-8.19127	-7.7	
431.121	173.67	0.00744467	-0.961102	0.0100478	-8.22585	-7.7	
431.321	174.023	-0.00254918	-0.963652	-0.00095082	-8.19999	-8	
431.782	174.862	-0.00213699	-0.965789	-0.000443552	-8.07077	-8	
432.113	175.459	-1.93308e-05	-0.965808	0.00171847	-8.06216	-8.1	
432.304	175.812	0.00255487	-0.963253	0.00412082	-8.04243	-8.1	
432.774	176.64	-0.00994613	-0.973199	-0.00879226	-7.87448	-8.1	
433.182	177.347	-0.0149111	-0.98811	-0.012878	-7.49554	-8.1	
433.521	177.943	-0.0132957	-1	-0.00997482	-7.4858	-8	
433.791	178.418	-0.019775	-1	-0.0154566	-7.43103	-7.8	
434.199	179.114	-0.0257435	-1	-0.0198795	-7.3956	-7.6	
434.468	179.589	-0.0184654	-1	-0.0106134	-7.40451	-7.5	
434.885	180.284	-0.0318221	-1	-0.0229088	-7.28212	-7.4	
435.094	180.637	-0.0355157	-1	-0.0243115	-7.30519	-7.3	
435.372	181.101	-0.03717	-1	-0.0235346	-7.34857	-7.2	
435.997	182.15	-0.035114	-1	-0.0191251	-7.61524	-7	
436.275	182.613	-0.0275898	-1	-0.00968845	-7.70155	-7.1	
436.423	182.845	-0.0338475	-1	-0.0149773	-7.61278	-7.3	
436.909	183.651	-0.0262391	-1	-0.00587121	-7.88496	-7.3	
437.334	184.346	-0.0308634	-1	-0.00990832	-7.98443	-7.3	
437.551	184.688	-0.0347664	-1	-0.0128205	-7.97376	-7.4	
438.124	185.605	-0.0324466	-1	-0.00921868	-8.15651	-7.6	
438.411	186.057	-0.0247588	-1	-0.000609023	-8.30342	-7.7	
438.697	186.521	-0.0169945	-1	0.0072162	-8.49562	-8	
438.992	186.973	-0.0233321	-1	0.000156923	-8.39984	-8	
439.573	187.878	-0.0230229	-1	0.000450458	-8.59857	-8	
439.79	188.22	-0.0226305	-1	0.000797806	-8.69705	-8.4	
440.233	188.893	-0.0216232	-1	0.00172531	-8.70694	-8.4	
440.528	189.345	-0.0216847	-1	0.00149132	-8.78955	-8.4	
440.901	189.908	-0.0221795	-1	0.000847439	-8.91596	-8.4	
441.273	190.471	-0.020811	-1	0.00213117	-8.99282	-8.6	
441.499	190.802	-0.0314552	-1	-0.00872619	-8.93368	-8.8	
442.019	191.585	-0.0250762	-1	-0.00147454	-8.96286	-8.8	
442.392	192.137	-0.0259878	-1	-0.00223869	-9.07832	-8.7	
442.617	192.468	-0.0242725	-1	-0.000299577	-9.13224	-8.7	
443.302	193.46	-0.030625	-1	-0.00662203	-9.02071	-8.9	
443.606	193.901	-0.0396982	-1	-0.0150331	-9.09203	-8.9	
443.761	194.111	-0.0412449	-1	-0.0150764	-8.92976	-8.9	
444.299	194.883	-0.0433315	-1	-0.0156554	-8.97524	-8.9	
444.758	195.534	-0.03686	-1	-0.0076184	-8.90953	-8.9	
444.992	195.853	-0.0498793	-1	-0.0198759	-8.71421	-8.9	
445.382	196.394	-0.05024	-1	-0.018249	-8.51611	-9	
445.927	197.144	-0.0508328	-1	-0.0170168	-8.24271	-8.9	
446.239	197.574	-0.0566971	-1	-0.0211795	-8.02836	-8.7	
446.707	198.213	-0.050128	-1	-0.0124924	-7.9996	-8.4	
447.183	198.853	-0.0563042	-1	-0.0174194	-7.65392	-8.3	
447.417	199.172	-0.0551722	-1	-0.0145455	-7.71782	-8.1	
447.729	199.591	-0.0393631	-1	0.00271822	-7.40745	-7.7	
448.041	200.01	-0.0393221	-1	0.00248742	-7.30386	-7.5	
448.595	200.738	-0.0391282	-1	0.00243254	-6.90804	-7.5	
448.993	201.256	-0.0465597	-1	-0.00524224	-6.61834	-7.4	
449.227	201.564	-0.0336292	-1	0.00821247	-6.44238	-7.1	
449.781	202.281	-0.0331825	-1	0.00783795	-6.00215	-6.7	
450.17	202.788	-0.0376315	-1	0.00260521	-6.07587	-6.6	
450.412	203.085	-0.0341227	-1	0.00585347	-5.58013	-6.3	
450.802	203.592	-0.0270608	-1	0.01233	-5.30761	-6.1	
451.433	204.386	-0.0274739	-1	0.0106839	-4.84992	-5.7	
451.598	204.584	-0.0274293	-1	0.00966009	-4.66505	-5.5	
452.307	205.477	-0.0134224	-1	0.022701	-4.15623	-5.2	
452.619	205.862	-0.0137237	-1	0.0201296	-4.05923	-4.8	
452.774	206.061	-0.00729693	-1	0.0245434	-3.99156	-4.4	
453.328	206.733	-0.00673043	-1	0.0226556	-3.48718	-4.2	
453.795	207.317	0.00635436	-0.993646	0.0334748	-3.36005	-4	
454.029	207.603	0.0132006	-0.980445	0.0369736	-3.33407	-3.8	
454.496	208.176	0.0262326	-0.954212	0.0463082	-3.32836	-3.5	
454.971	208.749	0.0263833	-0.927829	0.041828	-2.9903	-3.4	
455.283	209.124	0.0298656	-0.897964	0.0411276	-3.21689	-3.3	
455.836	209.796	0.0480085	-0.849955	0.0551577	-3.40674	-3.1	
456.156	210.17	0.0484784	-0.801477	0.0501119	-3.639	-3.1	
456.476	210.544	0.0413101	-0.760167	0.0379324	-3.55175	-3.2	
456.787	210.93	0.0615381	-0.698628	0.0543672	-4.13289	-3.2	
457.349	211.591	0.0585729	-0.640056	0.0459652	-4.22642	-3.4	
457.505	211.778	0.0611155	-0.57894	0.0439113	-4.55489	-3.6	
458.067	212.439	0.0609452	-0.517995	0.0393499	-4.68077	-3.8	
458.543	213.001	0.0671105	-0.450884	0.0415801	-4.85036	-4.2	
458.785	213.276	0.0601985	-0.390686	0.0305102	-4.88438	-4.4	
459.191	213.75	0.0596114	-0.331074	0.026872	-5.09447	-4.5	
459.753	214.411	0.0635613	-0.267513	0.0281347	-5.18357	-4.7	
460.159	214.873	0.0636101	-0.203903	0.0253701	-5.20577	-4.9	
460.574	215.335	0.0563916	-0.147511	0.0156145	-5.09254	-4.9	
460.98	215.809	0.0566336	-0.0908778	0.0142951	-5.16485	-5	
461.309	216.172	0.0424337	-0.0484441	-0.00133428	-4.90677	-5.1	
461.793	216.734	0.0414136	-0.00703044	-0.00222095	-4.72944	-5.2	
462.207	217.196	0.0355442	0.0285138	-0.00786825	-4.19767	-5.2	
462.622	217.659	0.0280602	0.056574	-0.0145655	-3.76573	-5	
462.864	217.934	0.0211299	0.0777039	-0.0200392	-3.59142	-4.7	
463.201	218.308	0.0146003	0.0923042	-0.0245649	-3.28925	-4.4	
463.616	218.771	0.000749547	0.0930538	-0.0359592	-2.56834	-3.7	
464.281	219.497	-0.0126779	0.0803758	-0.0457907	-1.31767	-3.6	
464.61	219.872	-0.0193682	0.0610076	-0.0479019	-0.723747	-3.1	
465.197	220.51	-0.0405192	0.0204884	-0.0642627	0.634793	-2.3	
465.525	220.873	-0.0440275	-0.0235392	-0.0613448	1.48444	-1.3	
465.689	221.049	-0.0519935	-0.0755327	-0.0631763	2.16615	-0.3	
466.277	221.677	-0.0793307	-0.154863	-0.0841958	3.93875	0.3	
466.691	222.128	-0.0914644	-0.246328	-0.0879099	5.28522	1.3	
466.933	222.392	-0.100337	-0.346664	-0.0879911	6.57683	2.7	
467.685	223.196	-0.131604	-0.478269	-0.11046	8.87647	3.6	
468.013	223.548	-0.144934	-0.623203	-0.112743	10.477	5.1	
468.177	223.724	-0.144954	-0.768157	-0.101489	11.8931	7	
468.911	224.516	-0.162631	-0.930788	-0.109017	14.177	8.5	
469.24	224.869	-0.173896	-1	-0.10938	15.1546	10.2	
469.395	225.045	-0.166862	-1	-0.091408	15.0924	11.8	
470.121	225.826	-0.184333	-1	-0.0997387	15.915	12.8	
470.44	226.167	-0.195963	-1	-0.101394	16.285	13.9	
470.604	226.344	-0.202124	-1	-0.0974167	16.3419	14.8	
471.157	226.949	-0.205586	-1	-0.0911369	16.7222	15.2	
471.624	227.466	-0.209282	-1	-0.0857191	17.1654	15.9	
471.944	227.808	-0.213477	-1	-0.0813416	17.6356	16.4	
472.488	228.402	-0.220803	-1	-0.0805334	18.2571	16.8	
472.643	228.578	-0.212663	-1	-0.0643405	18.4633	17.2	
472.946	228.919	-0.210808	-1	-0.0560512	18.5679	17.7	
473.62	229.69	-0.197009	-1	-0.0366477	19.0258	18.1	
473.922	230.021	-0.208775	-1	-0.044749	19.3742	18.4	
474.069	230.197	-0.191352	-1	-0.0228508	19.582	18.8	
474.588	230.791	-0.189385	-1	-0.0185986	19.987	19.1	
474.951	231.21	-0.17044	-1	0.00220601	20.3345	19.4	
475.167	231.463	-0.158436	-1	0.0139895	20.4288	19.6	
475.824	232.212	-0.15615	-1	0.0148772	21.169	19.9	
476.04	232.454	-0.155226	-1	0.0143132	21.4648	20.3	
476.472	232.961	-0.143175	-1	0.0249329	22.0799	20.6	
476.818	233.379	-0.122849	-1	0.0427649	22.2096	21.1	
477.026	233.633	-0.11535	-1	0.0459877	22.4894	21.4	
477.51	234.217	-0.0883971	-1	0.068342	22.7957	21.8	
477.778	234.547	-0.081447	-1	0.0684579	22.8736	22	
478.116	234.955	-0.0681032	-1	0.0749559	22.896	22.4	
478.522	235.462	-0.0402779	-1	0.0952856	23.118	22.6	
478.782	235.781	-0.0347129	-1	0.0913221	23.0519	22.8	
479.119	236.189	-0.0348556	-1	0.0820471	23.2621	23	
479.456	236.597	-0.0276627	-1	0.0810353	23.2293	23	
479.647	236.839	-0.0188453	-1	0.0817492	23.2496	23.1	
480.036	237.335	-0.00615506	-1	0.0862645	23.0599	23.1	
480.478	237.908	0.015194	-0.984806	0.0989872	22.1284	23.2	
480.789	238.316	0.0185989	-0.966207	0.0924933	21.3591	23.2	
480.971	238.558	0.0315136	-0.934693	0.0961587	20.6329	23.1	
481.283	238.966	0.0400273	-0.894666	0.0950565	19.7191	22.4	
481.768	239.617	0.0447505	-0.849916	0.0902741	18.1462	21.3	
482.01	239.936	0.0480366	-0.801879	0.0845327	17.0795	20.5	
482.313	240.333	0.0449972	-0.756882	0.0730401	16.0798	19.2	
482.616	240.73	0.0382334	-0.718648	0.0589722	14.9721	18.3	
482.798	240.962	0.0281753	-0.690473	0.043017	14.5767	17.1	
483.032	241.281	0.0207935	-0.66968	0.0313335	13.7746	16.4	
483.439	241.844	0.0197335	-0.649946	0.0271401	12.4965	15.3	
483.725	242.241	0.0128647	-0.637082	0.0175572	11.7752	14.6	
483.889	242.483	0.0167287	-0.620353	0.0196655	10.5644	13.3	
484.4	243.189	-0.00604677	-0.6264	-0.00507647	9.40533	12.6	
484.626	243.509	-0.00817039	-0.63457	-0.00669244	8.83827	11.4	
484.73	243.663	-0.00827029	-0.64284	-0.0061231	8.24443	10.8	
485.249	244.358	-0.0584789	-0.701319	-0.0557194	7.56686	9.7	
485.474	244.655	-0.0794495	-0.780769	-0.071118	8.19171	9.1	
485.578	244.81	-0.0866912	-0.86746	-0.071248	8.5703	8.5	
486.072	245.505	-0.122366	-0.989826	-0.0997981	8.18828	8.3	
486.28	245.814	-0.130494	-1	-0.0979466	7.38494	8.1	
486.393	245.957	-0.144091	-1	-0.101748	6.84644	7.9	
486.757	246.486	-0.17216	-1	-0.119643	5.78779	7.6	
487.069	246.939	-0.20037	-1	-0.135888	4.48162	6.8	
487.225	247.159	-0.214215	-1	-0.136145	3.50536	6.2	
487.485	247.534	-0.241665	-1	-0.14998	2.96012	5.1	
487.84	248.042	-0.269243	-1	-0.162561	1.45966	4	
488.092	248.406	-0.302748	-1	-0.179809	0.138666	3.5	
488.247	248.615	-0.322373	-1	-0.181453	-0.497682	2.5	
488.594	249.122	-0.349654	-1	-0.190589	-1.58242	1.4	
488.594	249.122	-0.349654	-1	-0.17153	-1.62374	1.4	
488.594	249.122	-0.349654	-1	-0.154377	-1.66093	1.4	
488.594	249.122	-0.349654	-1	-0.13894	-1.69441	1.4	
