486.214	261.01	0.535134	0.535134	0.535134	-67.3778	-0.2	
486.223	261.01	0.541719	1	0.488205	-67.8098	-0.1	
486.223	261.01	0.541713	1	0.439379	-67.6908	-1	
486.197	260.988	0.536119	1	0.389847	-67.7133	-12.1	
486.171	260.955	0.537619	1	0.352363	-68.4421	-33.6	
486.11	260.9	0.53001	1	0.309518	-68.0111	-45.1	
486.041	260.823	0.530008	1	0.278563	-64.5382	-58.1	
485.972	260.746	0.530012	1	0.250711	-58.2578	-64	
485.903	260.669	0.530019	1	0.225647	-49.4456	-64.2	
485.808	260.57	0.519796	1	0.192859	-40.0947	-62.5	
485.661	260.405	0.520168	1	0.173945	-32.4542	-56.7	
485.549	260.272	0.52366	1	0.160042	-52.8554	-50.6	
485.385	260.096	0.513009	1	0.133388	-44.654	-44.6	
485.169	259.854	0.513501	1	0.120541	-36.6264	-46.6	
485.013	259.689	0.507238	1	0.102223	-31.7468	-45.3	
484.832	259.513	0.481846	1	0.0666097	-26.253	-41.8	
484.495	259.161	0.469705	1	0.0478072	-19.3978	-37.6	
484.279	258.941	0.442922	1	0.0162438	-15.9502	-32.7	
484.055	258.721	0.433049	1	0.00474641	-12.8228	-26.6	
483.615	258.292	0.382394	1	-0.0463833	-7.95827	-21.3	
483.347	258.028	0.349627	1	-0.0745124	-5.67665	-18	
483.071	257.753	0.336705	1	-0.0799832	-3.69077	-13.6	
482.7	257.401	0.293338	1	-0.115351	-1.33271	-10.6	
482.243	256.962	0.249831	1	-0.147323	0.896855	-7.4	
481.932	256.665	0.222477	1	-0.159945	2.18874	-5	
481.371	256.126	0.162438	1	-0.20399	4.24341	-2.8	
481.043	255.818	0.129943	1	-0.216086	5.20987	-0.6	
480.716	255.51	0.104777	1	-0.219643	6.209	1.6	
480.224	255.049	0.0422149	1	-0.260241	7.37019	3.2	
479.732	254.587	-0.00363637	0.996364	-0.280068	8.30669	4.6	
479.31	254.202	-0.0628938	0.93347	-0.311319	9.96855	5.8	
478.982	253.883	-0.0833816	0.850088	-0.300674	11.2134	7.2	
478.473	253.4	-0.135028	0.715061	-0.322253	13.0138	8.5	
478.231	253.169	-0.148801	0.56626	-0.303801	14.6403	10.1	
477.653	252.63	-0.219308	0.346952	-0.343928	17.0408	11.5	
477.325	252.322	-0.254735	0.0922165	-0.344963	19.8716	13.3	
476.997	252.015	-0.281948	-0.189731	-0.337679	22.5084	15.2	
476.437	251.476	-0.332541	-0.522273	-0.354505	24.9773	17.7	
476.109	251.168	-0.368484	-0.890757	-0.354997	28.1244	19.9	
475.789	250.849	-0.384618	-1	-0.335631	28.8213	22.4	
475.22	250.31	-0.435808	-1	-0.353258	28.1858	24.8	
474.892	249.98	-0.462262	-1	-0.344386	27.3002	26.2	
474.564	249.65	-0.478396	-1	-0.326082	26.3065	27	
474.081	249.166	-0.512194	-1	-0.327272	25.0918	27.1	
473.606	248.682	-0.534513	-1	-0.316863	23.6594	26.9	
473.209	248.275	-0.547074	-1	-0.297737	22.5385	26.5	
472.889	247.956	-0.571686	-1	-0.292576	21.443	25.2	
472.734	247.791	-0.571789	-1	-0.263421	20.9213	24	
472.172	247.208	-0.597816	-1	-0.263107	19.7045	22.9	
471.784	246.79	-0.598844	-1	-0.237823	18.4377	22.2	
471.464	246.449	-0.605686	-1	-0.220883	17.5339	20.9	
470.98	245.931	-0.605882	-1	-0.198991	16.1397	19.8	
470.652	245.568	-0.60523	-1	-0.17844	15.3524	18.6	
470.091	244.952	-0.597201	-1	-0.152567	13.6561	17.6	
469.771	244.611	-0.604772	-1	-0.144881	13.2708	16.5	
469.46	244.269	-0.604966	-1	-0.130587	12.4757	15.2	
468.916	243.653	-0.592539	-1	-0.105101	11.1986	14.5	
468.751	243.477	-0.600498	-1	-0.10255	11.0811	13.4	
468.285	242.959	-0.592068	-1	-0.0838651	10.2554	12.5	
467.896	242.519	-0.581735	-1	-0.0651453	9.43203	11.7	
467.265	241.803	-0.565297	-1	-0.0421929	8.22993	11	
467.101	241.616	-0.564305	-1	-0.0369815	7.9797	10.2	
466.695	241.153	-0.55358	-1	-0.0225588	7.40647	9.3	
466.064	240.426	-0.532919	-1	0.000358484	6.49429	8.9	
465.908	240.25	-0.523075	-1	0.0101664	6.30029	8.1	
465.519	239.799	-0.506652	-1	0.0255731	5.81473	7.4	
464.897	239.083	-0.492659	-1	0.037008	5.1684	7	
464.741	238.907	-0.48252	-1	0.0434468	5.09073	6.4	
464.43	238.543	-0.46983	-1	0.0517916	4.7611	5.9	
463.885	237.927	-0.459614	-1	0.0568291	4.43239	5.5	
463.496	237.475	-0.428439	-1	0.0823209	3.91378	5.1	
463.012	236.914	-0.404653	-1	0.0978749	3.49717	4.7	
462.692	236.528	-0.390671	-1	0.102069	3.13952	4.3	
462.373	236.165	-0.37572	-1	0.106814	3.07975	3.9	
461.984	235.713	-0.366601	-1	0.105251	2.9828	3.7	
461.361	234.997	-0.341738	-1	0.119589	2.81519	3.2	
461.206	234.821	-0.342066	-1	0.107302	2.8701	3	
460.825	234.381	-0.336251	-1	0.102387	2.82514	2.8	
460.203	233.665	-0.322016	-1	0.106383	2.91662	2.8	
460.056	233.489	-0.315706	-1	0.102055	2.71698	2.8	
459.745	233.136	-0.295019	-1	0.112536	2.90503	2.8	
459.191	232.486	-0.284135	-1	0.112166	2.87713	2.8	
458.785	232.013	-0.259847	-1	0.125238	2.86372	2.8	
458.396	231.561	-0.252478	-1	0.120083	2.90852	2.8	
458.007	231.121	-0.245099	-1	0.115454	3.17742	2.8	
457.549	230.592	-0.238571	-1	0.110437	3.53723	2.8	
457.246	230.24	-0.224783	-1	0.11318	3.68533	2.9	
456.711	229.634	-0.224924	-1	0.101722	4.21437	3	
456.555	229.458	-0.225249	-1	0.0912242	4.38733	3.3	
456.253	229.106	-0.211463	-1	0.095888	4.68549	3.7	
455.872	228.676	-0.207763	-1	0.0899996	4.99004	4.1	
455.267	227.938	-0.156228	-1	0.132535	4.99246	4.2	
455.111	227.762	-0.155781	-1	0.119728	5.14298	4.5	
454.584	227.123	-0.118596	-1	0.14494	5.38097	4.7	
454.203	226.693	-0.121008	-1	0.128034	5.68383	4.9	
453.979	226.429	-0.117774	-1	0.118465	5.81336	5.1	
453.451	225.835	-0.111324	-1	0.113068	6.47336	5.4	
453.08	225.405	-0.0944324	-1	0.118653	7.15846	5.6	
452.855	225.141	-0.0940559	-1	0.107164	7.583	6.1	
452.336	224.546	-0.0817108	-1	0.108793	8.02936	6.6	
451.965	224.117	-0.0645336	-1	0.115091	8.38484	7	
451.671	223.753	-0.0411734	-1	0.126942	8.60989	7.5	
451.082	223.015	0.0075219	-0.992478	0.162943	8.6333	7.9	
450.788	222.662	0.0279173	-0.964561	0.167044	8.642	8.3	
450.416	222.233	0.0339617	-0.930599	0.156384	8.91478	8.4	
450.123	221.891	0.0372079	-0.893391	0.143992	8.80182	8.5	
449.673	221.374	0.0466419	-0.846749	0.139027	9.41395	8.8	
449.379	221.032	0.0539092	-0.79284	0.132391	9.41486	8.9	
448.86	220.427	0.0627821	-0.730058	0.128025	9.50398	9.1	
448.713	220.25	0.0629029	-0.667155	0.115343	9.33616	9.3	
448.419	219.898	0.0832601	-0.583895	0.124166	8.93012	9.4	
447.762	219.071	0.130168	-0.453727	0.158657	8.17247	9.4	
447.468	218.697	0.151245	-0.302482	0.163869	7.07291	9.4	
447.182	218.344	0.163717	-0.138765	0.159954	6.16683	9	
446.81	217.903	0.173543	0.0347778	0.153785	5.52424	8	
446.439	217.463	0.168372	0.203149	0.133235	4.88989	7.2	
446.222	217.198	0.177285	0.380435	0.128825	3.7314	6.5	
445.773	216.67	0.170446	0.550881	0.109103	3.62918	5.7	
445.262	216.053	0.176464	0.727345	0.104211	3.37114	4.9	
444.96	215.7	0.162517	0.889862	0.0798426	3.0121	4.2	
444.666	215.348	0.168127	1	0.0774684	3.03777	3.9	
444.155	214.687	0.197245	1	0.0988392	3.88664	3.5	
443.869	214.312	0.203583	1	0.0952933	4.38832	3.4	
443.428	213.761	0.203379	1	0.0855599	5.6849	3.4	
443.203	213.496	0.195101	1	0.0687261	6.37107	3.8	
442.762	212.957	0.189723	1	0.0564758	7.72673	4.6	
442.46	212.604	0.162636	1	0.023741	8.79401	5.4	
441.941	211.976	0.142602	1	0.00133271	10.3884	6.6	
441.638	211.624	0.114741	1	-0.0266616	11.3517	7.6	
441.344	211.26	0.115027	1	-0.0237096	11.8384	9.1	
440.825	210.632	0.0826614	1	-0.0537037	13.2487	10	
440.531	210.28	0.0634342	1	-0.0675606	14.1329	11.2	
440.246	209.916	0.0470588	1	-0.0771799	14.0808	12.1	
439.727	209.288	0.00740744	1	-0.109113	15.1648	13	
439.433	208.936	-0.0206085	0.979391	-0.126218	15.9016	13.4	
439.139	208.572	-0.0478701	0.931521	-0.140858	16.544	14.5	
438.767	208.12	-0.0814642	0.850057	-0.160366	17.9121	15.1	
438.17	207.382	-0.135413	0.714644	-0.198278	19.7084	15.9	
438.023	207.206	-0.149166	0.565478	-0.192204	20.8931	17.1	
437.512	206.567	-0.203236	0.362242	-0.227053	23.4716	18.3	
437.149	206.104	-0.230619	0.131624	-0.231731	25.4912	20	
436.794	205.652	-0.253395	-0.121771	-0.231333	27.8493	21.8	
436.508	205.288	-0.297463	-0.419234	-0.252269	30.0631	23.5	
436.301	205.024	-0.306028	-0.725263	-0.235607	32.1787	25.7	
435.721	204.274	-0.360348	-1	-0.266366	34.4772	27.8	
435.582	204.087	-0.374236	-1	-0.253617	34.1537	30.1	
435.08	203.426	-0.422012	-1	-0.276031	33.4098	31.8	
434.725	202.963	-0.457161	-1	-0.283577	32.9146	32.7	
434.517	202.676	-0.468376	-1	-0.266434	32.339	32.9	
433.885	201.816	-0.516058	-1	-0.287473	30.9975	32.9	
433.616	201.43	-0.522016	-1	-0.264684	29.9708	32.9	
433.348	201.055	-0.534859	-1	-0.251058	29.3022	32.4	
433.019	200.581	-0.546229	-1	-0.237323	28.0599	31.2	
432.689	200.095	-0.54744	-1	-0.214802	27.2434	30.3	
432.36	199.61	-0.556148	-1	-0.202029	26.2544	29.2	
432.022	199.113	-0.567803	-1	-0.193481	25.4243	28.2	
431.631	198.518	-0.56615	-1	-0.17248	24.447	27.3	
431.371	198.12	-0.572682	-1	-0.161764	23.5218	26.4	
431.111	197.723	-0.565127	-1	-0.138033	22.9381	25.4	
430.668	197.028	-0.549055	-1	-0.108157	21.6945	24.6	
430.347	196.531	-0.554015	-1	-0.102302	21.0976	23.6	
430.156	196.233	-0.554169	-1	-0.092225	20.7412	22.7	
429.905	195.836	-0.54508	-1	-0.0739141	20.0725	22	
429.462	195.141	-0.537224	-1	-0.0586662	19.295	21.3	
429.149	194.633	-0.520038	-1	-0.0356137	18.5804	20.7	
428.785	194.026	-0.500131	-1	-0.0121451	17.8143	19.9	
428.472	193.518	-0.487337	-1	0.00186331	17.2791	19.2	
428.168	192.999	-0.470023	-1	0.0189907	16.6717	18.7	
427.986	192.69	-0.460999	-1	0.0261153	16.4529	18	
427.629	192.072	-0.419683	-1	0.06482	15.6667	17.4	
427.325	191.564	-0.421954	-1	0.0560671	15.3135	16.7	
426.961	190.957	-0.412408	-1	0.0600066	15.1629	16.4	
426.657	190.449	-0.403079	-1	0.0633346	14.8826	16	
426.483	190.151	-0.387643	-1	0.0724373	14.6617	15.7	
426.239	189.732	-0.385442	-1	0.0673949	14.5198	15.2	
425.831	189.003	-0.363264	-1	0.0828332	13.9542	15	
425.535	188.484	-0.347894	-1	0.08992	13.6075	14.8	
425.24	187.965	-0.345617	-1	0.0832044	13.4059	14.3	
424.953	187.435	-0.316965	-1	0.103536	12.9462	14	
424.657	186.904	-0.309945	-1	0.100202	12.6703	13.8	
424.318	186.286	-0.299667	-1	0.10046	12.373	13.3	
424.083	185.877	-0.299176	-1	0.0909051	12.2899	13	
423.796	185.358	-0.291552	-1	0.089439	11.9979	12.8	
423.631	185.06	-0.293891	-1	0.0781561	11.9522	12.5	
423.222	184.32	-0.28715	-1	0.0770817	11.7231	12.2	
422.883	183.68	-0.271431	-1	0.0850926	11.3701	12	
422.595	183.149	-0.265956	-1	0.082058	11.3186	11.9	
422.369	182.73	-0.253996	-1	0.0858119	11.0843	11.6	
422.143	182.299	-0.251344	-1	0.0798825	11.0549	11.4	
421.751	181.559	-0.240922	-1	0.0823169	10.8462	11.2	
421.464	181.017	-0.233894	-1	0.0811127	10.7185	11.2	
421.299	180.708	-0.231456	-1	0.0754394	10.6947	11	
421.081	180.299	-0.222348	-1	0.0770042	10.6086	10.8	
420.811	179.78	-0.217199	-1	0.0744527	10.5478	10.7	
420.359	178.93	-0.206089	-1	0.0781173	10.6495	10.6	
420.246	178.709	-0.211952	-1	0.0644418	10.6554	10.5	
419.862	177.957	-0.193685	-1	0.0762655	10.5609	10.5	
419.584	177.416	-0.197085	-1	0.0652388	10.4772	10.5	
419.305	176.875	-0.184632	-1	0.0711679	10.697	10.5	
419.026	176.333	-0.188148	-1	0.060535	10.7585	10.5	
418.695	175.682	-0.183099	-1	0.0595304	10.8682	10.5	
418.478	175.262	-0.185419	-1	0.0512572	10.9197	10.5	
418.216	174.742	-0.177107	-1	0.054444	11.0342	10.7	
417.938	174.212	-0.186213	-1	0.0398932	11.2676	10.7	
417.772	173.881	-0.179623	-1	0.0424937	11.1347	10.8	
417.284	172.897	-0.17282	-1	0.0450473	11.3638	11	
417.066	172.455	-0.164568	-1	0.0487945	11.344	11.1	
416.953	172.234	-0.172252	-1	0.0362313	11.5038	11.2	
416.57	171.472	-0.166489	-1	0.0383715	11.6513	11.2	
416.247	170.809	-0.158656	-1	0.042367	11.7695	11.4	
416.082	170.477	-0.155561	-1	0.0412253	11.9242	11.5	
415.82	169.936	-0.144716	-1	0.0479476	11.954	11.6	
415.454	169.196	-0.140538	-1	0.0473309	12.0779	11.7	
415.236	168.754	-0.136849	-1	0.0462867	12.3534	11.7	
414.966	168.19	-0.129084	-1	0.0494229	12.5028	11.8	
414.644	167.527	-0.127043	-1	0.0465216	12.8615	12.1	
414.487	167.184	-0.109306	-1	0.0596071	12.7688	12.2	
414.164	166.521	-0.110571	-1	0.0523809	13.1622	12.6	
413.85	165.836	-0.09538	-1	0.0623341	13.3415	12.6	
413.684	165.504	-0.107402	-1	0.0440784	13.6737	12.8	
413.423	164.941	-0.093842	-1	0.0532308	13.7791	13	
413.065	164.167	-0.0872206	-1	0.0545292	14.2256	13.3	
412.856	163.736	-0.0925329	-1	0.0437639	14.6157	13.4	
412.498	162.951	-0.0812471	-1	0.0506734	14.8317	13.9	
412.288	162.498	-0.0814929	-1	0.0453602	15.1906	14.2	
412.079	162.045	-0.0769356	-1	0.0453815	15.4749	14.4	
411.765	161.348	-0.0729331	-1	0.0448458	15.8564	14.7	
411.511	160.785	-0.0687444	-1	0.04455	16.2363	15.1	
411.302	160.32	-0.0767587	-1	0.0320806	16.421	15.6	
411.101	159.867	-0.0690534	-1	0.0365779	16.5869	16	
410.743	159.06	-0.0688787	-1	0.0330948	16.8074	16.1	
410.551	158.618	-0.0632885	-1	0.0353755	16.9779	16.4	
410.35	158.176	-0.0714979	-1	0.0236286	17.3183	16.6	
409.957	157.269	-0.0609947	-1	0.0317689	17.5665	16.9	
409.861	157.048	-0.0636208	-1	0.0259659	17.6552	17.2	
409.52	156.241	-0.0594346	-1	0.0275555	17.9292	17.4	
409.371	155.898	-0.060053	-1	0.0241815	17.9086	17.6	
408.986	154.969	-0.0481764	-1	0.03364	18.1554	17.7	
408.899	154.748	-0.0433308	-1	0.0351216	18.1471	18.1	
408.706	154.284	-0.0426692	-1	0.032271	18.1037	18.1	
408.383	153.476	-0.0362308	-1	0.0354824	18.1399	18.1	
408.155	152.923	-0.0418413	-1	0.0263236	18.2094	18.2	
408.015	152.592	-0.0389403	-1	0.0265923	18.3363	18.2	
407.7	151.818	-0.0427228	-1	0.0201505	18.5113	18.2	
407.481	151.242	-0.0336537	-1	0.0272046	18.3584	18.2	
407.297	150.778	-0.0423933	-1	0.0157445	18.3929	18.4	
406.947	149.871	-0.0376807	-1	0.0188827	18.3506	18.5	
406.859	149.639	-0.0416122	-1	0.0130629	18.3296	18.5	
406.692	149.174	-0.029272	-1	0.0240968	18.0142	18.5	
406.394	148.377	-0.0275738	-1	0.0233853	17.8787	18.4	
406.184	147.802	-0.0324115	-1	0.0162091	17.7898	18.3	
406.052	147.47	-0.0475155	-1	-0.000515866	17.9133	18.2	
405.851	146.906	-0.0461648	-1	0.000886454	17.6419	17.9	
405.517	146.01	-0.0632643	-1	-0.0163017	17.655	17.9	
405.438	145.778	-0.0626841	-1	-0.0140913	17.5063	17.9	
405.236	145.191	-0.0676223	-1	-0.0176204	17.1551	17.8	
404.911	144.273	-0.0818758	-1	-0.0301119	17.0529	17.8	
404.832	144.041	-0.0818932	-1	-0.0271181	16.9596	17.5	
404.639	143.454	-0.0886112	-1	-0.0311242	16.7036	17.3	
404.322	142.525	-0.0998284	-1	-0.039229	16.3978	17.1	
404.243	142.292	-0.0998115	-1	-0.0352892	16.3952	16.9	
403.979	141.495	-0.109418	-1	-0.0413668	16.0925	16.8	
403.742	140.809	-0.126699	-1	-0.0545108	16.0738	16.6	
403.628	140.466	-0.137934	-1	-0.0602948	16.0851	16.3	
403.328	139.526	-0.151	-1	-0.0673313	15.8153	16.1	
403.187	139.061	-0.148751	-1	-0.0583495	15.6131	16	
403.037	138.585	-0.148555	-1	-0.0523189	15.5074	15.9	
402.888	138.12	-0.16278	-1	-0.0613112	15.5165	15.8	
402.597	137.168	-0.174909	-1	-0.0673092	15.3708	15.7	
402.491	136.814	-0.167185	-1	-0.0528549	15.3134	15.7	
402.35	136.338	-0.168907	-1	-0.0492908	15.125	15.6	
402.165	135.762	-0.185371	-1	-0.0608261	15.1791	15.4	
401.891	134.821	-0.182939	-1	-0.0523116	14.6953	15.2	
401.82	134.589	-0.195879	-1	-0.0600202	14.7241	15.2	
401.644	133.991	-0.201282	-1	-0.059421	14.669	15.1	
401.37	133.039	-0.210651	-1	-0.0628477	14.4211	15	
401.237	132.563	-0.201703	-1	-0.0476152	14.2448	14.7	
401.069	131.954	-0.201468	-1	-0.0426191	14.1342	14.6	
400.901	131.356	-0.203706	-1	-0.0405945	13.9335	14.5	
400.795	130.991	-0.206964	-1	-0.0397934	14.0043	14.3	
400.663	130.515	-0.209211	-1	-0.0380608	13.9847	14.2	
400.433	129.673	-0.215557	-1	-0.0406011	13.695	14.1	
400.273	129.075	-0.202564	-1	-0.0235482	13.533	13.9	
400.114	128.477	-0.204218	-1	-0.0228466	13.4501	13.8	
400.016	128.112	-0.20377	-1	-0.0201149	13.2809	13.7	
399.759	127.137	-0.203517	-1	-0.0178501	13.0204	13.6	
399.697	126.894	-0.197461	-1	-0.0100086	12.9309	13.3	
399.413	125.786	-0.197953	-1	-0.00950014	12.4961	13.2	
399.289	125.299	-0.198618	-1	-0.00921516	12.382	13	
399.165	124.812	-0.188529	-1	0.00179507	12.2167	12.8	
398.952	123.948	-0.182463	-1	0.0076816	11.9337	12.6	
398.898	123.704	-0.176725	-1	0.0126518	11.7363	12.4	
398.774	123.206	-0.177922	-1	0.0101894	11.6506	12.2	
398.569	122.342	-0.167138	-1	0.019955	11.118	12	
398.392	121.6	-0.160459	-1	0.0246385	10.8467	11.7	
398.303	121.223	-0.154026	-1	0.0286077	10.7201	11.5	
398.151	120.603	-0.156786	-1	0.022987	10.7472	11.2	
397.947	119.728	-0.152592	-1	0.0248821	10.265	11	
397.858	119.352	-0.153508	-1	0.0214775	10.1749	10.8	
397.715	118.72	-0.155375	-1	0.017463	10.0038	10.5	
397.564	118.1	-0.160156	-1	0.0109358	9.9844	10.4	
397.341	117.092	-0.155242	-1	0.014756	9.39574	10.1	
397.287	116.848	-0.149818	-1	0.0187046	9.24872	10	
397.145	116.217	-0.151523	-1	0.0151286	9.08828	9.7	
396.975	115.464	-0.157493	-1	0.00764598	8.83135	9.6	
396.86	114.954	-0.166111	-1	-0.00173615	8.75436	9.4	
396.725	114.323	-0.162088	-1	0.00246013	8.38328	9.1	
396.502	113.304	-0.165346	-1	-0.0010443	8.05921	8.9	
396.44	113.049	-0.174426	-1	-0.0100195	8.09676	8.7	
396.333	112.539	-0.176244	-1	-0.0108358	7.77761	8.4	
396.083	111.387	-0.180171	-1	-0.0136784	7.47241	8.3	
396.029	111.132	-0.181959	-1	-0.0140994	7.3813	7.9	
395.922	110.623	-0.184398	-1	-0.0151281	7.10302	7.7	
395.742	109.725	-0.171041	-1	-0.000258392	6.75448	7.5	
395.6	109.083	-0.183083	-1	-0.0122747	6.60531	7.5	
395.519	108.695	-0.184317	-1	-0.0122808	6.48203	7.2	
395.385	108.052	-0.17907	-1	-0.00580608	6.19548	7	
395.17	107.022	-0.185806	-1	-0.0119618	5.97999	6.5	
395.063	106.501	-0.186317	-1	-0.0112765	5.85634	6.3	
394.929	105.859	-0.186915	-1	-0.0107466	5.66738	6.3	
394.786	105.205	-0.198512	-1	-0.021269	5.65981	5.9	
394.714	104.817	-0.19259	-1	-0.0132197	5.40697	5.8	
394.553	104.042	-0.187977	-1	-0.0072848	5.3409	5.6	
394.374	103.133	-0.183488	-1	-0.00206777	4.97053	5.6	
394.266	102.613	-0.193845	-1	-0.0122175	4.87427	5.6	
394.15	102.092	-0.203758	-1	-0.0209086	4.99362	5	
393.962	101.183	-0.199966	-1	-0.0150265	4.78654	4.9	
393.863	100.652	-0.190912	-1	-0.00446985	4.59382	4.9	
393.747	100.131	-0.2018	-1	-0.0149103	4.59481	4.9	
393.613	99.4773	-0.207449	-1	-0.019068	4.45151	4.7	
393.452	98.6907	-0.198495	-1	-0.0082077	4.34395	4.5	
393.353	98.1699	-0.192502	-1	-0.00139414	4.20154	4.4	
393.174	97.2614	-0.190327	-1	0.000920492	4.08738	4.4	
393.066	96.7295	-0.1876	-1	0.00355548	4.02392	4.4	
392.905	95.9429	-0.183175	-1	0.00762466	3.95977	4.3	
392.824	95.5441	-0.1838	-1	0.00623722	3.91887	4.1	
392.672	94.7574	-0.178606	-1	0.0108077	3.61114	4	
392.564	94.2256	-0.168041	-1	0.0202923	3.69516	4	
392.421	93.572	-0.180973	-1	0.00533061	3.8027	3.8	
392.206	92.5084	-0.180984	-1	0.00478699	3.7281	3.8	
392.153	92.2536	-0.172646	-1	0.0126457	3.71074	3.8	
392.027	91.5887	-0.167811	-1	0.0162162	3.41955	3.6	
391.821	90.5472	-0.154423	-1	0.0279831	3.3659	3.4	
391.767	90.2813	-0.155171	-1	0.0244369	3.39049	3.4	
391.659	89.7495	-0.154696	-1	0.0224681	3.39223	3.5	
391.471	88.8299	-0.156771	-1	0.018146	3.3605	3.5	
391.337	88.1652	-0.150349	-1	0.0227538	3.39707	3.4	
391.248	87.7664	-0.155323	-1	0.0155042	3.67275	3.2	
391.068	86.8467	-0.142217	-1	0.0270598	3.98999	3.2	
390.934	86.182	-0.141406	-1	0.0251644	4.07583	3.5	
390.853	85.7942	-0.142162	-1	0.0218921	4.19962	3.6	
390.719	85.1294	-0.140473	-1	0.0213925	4.25531	3.8	
390.504	84.088	-0.13144	-1	0.0282855	4.40973	3.8	
390.459	83.8331	-0.12475	-1	0.0321474	4.4411	3.9	
390.217	82.6477	-0.112571	-1	0.0411115	4.81981	3.9	
390.11	82.127	-0.112971	-1	0.0366006	4.82282	4.3	
390.056	81.861	-0.110661	-1	0.0352503	4.94235	4.5	
389.922	81.2074	-0.108874	-1	0.0335118	5.00648	4.6	
389.707	80.1771	-0.108582	-1	0.0304534	5.17584	4.7	
389.653	79.9112	-0.107255	-1	0.0287345	5.1963	4.8	
389.465	79.0138	-0.110891	-1	0.0222257	5.52521	4.9	
389.322	78.2492	-0.0922858	-1	0.0386078	5.27996	5.1	
389.223	77.7395	-0.0831815	-1	0.0438513	5.25229	5.3	
389.097	77.108	-0.0748475	-1	0.0478003	5.24311	5.4	
388.963	76.4765	-0.0788021	-1	0.0390657	5.34014	5.4	
388.883	76.0998	-0.0685192	-1	0.0454419	5.34786	5.4	
388.731	75.3464	-0.0747983	-1	0.0346187	5.49272	5.3	
388.551	74.4712	-0.056245	-1	0.0497101	5.37593	5.3	
388.453	73.9726	-0.0579408	-1	0.0430433	5.32718	5.3	
388.346	73.4741	-0.0611693	-1	0.0355104	5.32257	5.3	
388.167	72.5988	-0.048619	-1	0.0445097	5.33539	5.3	
388.076	72.1002	-0.0398643	-1	0.0488134	5.09972	5.4	
387.978	71.6127	-0.0356194	-1	0.048177	5.03329	5.3	
387.852	70.9922	-0.0292137	-1	0.049765	4.92704	5.1	
387.647	69.9951	-0.0353646	-1	0.0386376	5.02443	4.9	
387.548	69.4965	-0.0348136	-1	0.0353249	5.11158	5	
387.476	69.1309	-0.0366056	-1	0.0300003	5.10647	5	
387.27	68.1338	-0.0471264	-1	0.0164795	5.1898	5	
387.225	67.8789	-0.042905	-1	0.0190529	5.10327	5	
387.127	67.3803	-0.0445825	-1	0.0154701	5.2715	5.1	
386.947	66.5051	-0.0511957	-1	0.0073099	5.34625	5.1	
386.822	65.8735	-0.0507294	-1	0.00704529	5.41083	5.2	
386.75	65.5079	-0.0612387	-1	-0.00416858	5.42683	5.2	
386.526	64.3777	-0.0655913	-1	-0.00810431	5.6659	5.3	
386.472	64.1229	-0.0676103	-1	-0.00931284	5.62697	5.6	
386.374	63.6243	-0.0692876	-1	-0.0100589	5.6841	5.6	
386.15	62.4942	-0.0739669	-1	-0.0137323	5.70641	5.6	
386.051	61.9956	-0.0756526	-1	-0.0140448	5.59936	5.6	
385.997	61.7408	-0.0753199	-1	-0.0123076	5.70364	5.6	
385.827	60.8655	-0.0733109	-1	-0.00906784	5.62756	5.7	
385.683	60.1231	-0.079587	-1	-0.0144372	5.48089	5.7	
385.603	59.7464	-0.0753624	-1	-0.00876883	5.517	5.7	
385.405	58.7604	-0.0785487	-1	-0.0110783	5.52169	5.6	
385.307	58.2618	-0.0801834	-1	-0.0116051	5.47718	5.6	
385.208	57.7632	-0.0855722	-1	-0.0158334	5.36746	5.6	
385.091	57.1315	-0.0747139	-1	-0.00339175	5.05557	5.6	
384.966	56.5111	-0.0771408	-1	-0.00547954	4.98753	5.4	
384.894	56.1455	-0.0789002	-1	-0.00669094	4.92084	5.3	
384.75	55.392	-0.0698007	-1	0.00307768	4.73255	5.2	
384.58	54.5278	-0.0633403	-1	0.0092303	4.53527	5.1	
384.481	54.0292	-0.0639924	-1	0.00765519	4.45412	4.9	
384.383	53.5417	-0.074379	-1	-0.00349699	4.37042	4.8	
384.212	52.6774	-0.0678999	-1	0.00333185	4.20197	4.6	
384.087	52.0681	-0.0742838	-1	-0.00338523	4.21729	4.4	
384.015	51.6913	-0.0779537	-1	-0.00671667	4.17381	4.2	
383.925	51.2038	-0.0710195	-1	0.000889264	3.95457	4.2	
383.755	50.3395	-0.0734099	-1	-0.00159003	3.95593	4.2	
383.638	49.719	-0.078378	-1	-0.00639922	3.69941	4.1	
383.557	49.3535	-0.0834378	-1	-0.0108191	3.87321	4.1	
383.395	48.4892	-0.0764164	-1	-0.00271573	3.68689	3.8	
383.27	47.8798	-0.0916547	-1	-0.0176825	3.70527	3.8	
383.135	47.1484	-0.0857216	-1	-0.0099811	3.52714	3.8	
383.01	46.528	-0.0959795	-1	-0.019241	3.49218	3.7	
382.938	46.1624	-0.101529	-1	-0.022866	3.43046	3.6	
382.848	45.6748	-0.0977145	-1	-0.0167653	3.32438	3.5	
382.723	45.0654	-0.109852	-1	-0.0272263	3.38309	3.5	
382.534	44.0793	-0.106453	-1	-0.0211043	3.16819	3.4	
382.489	43.8355	-0.0985669	-1	-0.0111081	3.04964	3.3	
382.319	42.9824	-0.106845	-1	-0.0182751	3.11327	3.2	
382.175	42.24	-0.111442	-1	-0.0210449	3.0153	3.2	
382.103	41.8743	-0.108253	-1	-0.0157517	2.92868	3	
381.96	41.1431	-0.110777	-1	-0.0166998	2.86559	3	
381.816	40.4118	-0.109462	-1	-0.0137149	2.84353	2.9	
381.744	40.0462	-0.114868	-1	-0.0177497	2.78904	2.9	
381.628	39.4367	-0.112785	-1	-0.013892	2.68161	2.8	
381.457	38.5836	-0.105422	-1	-0.00513924	2.67884	2.8	
381.359	38.085	-0.109816	-1	-0.00901938	2.63621	2.8	
381.215	37.3537	-0.103477	-1	-0.00177848	2.44034	2.7	
381.098	36.7443	-0.0921414	-1	0.00973483	2.3368	2.6	
380.973	36.1239	-0.089939	-1	0.0109637	2.41844	2.5	
380.901	35.7582	-0.0917366	-1	0.00806977	2.25722	2.5	
380.784	35.1488	-0.0812961	-1	0.0177033	2.105	2.4	
380.632	34.4176	-0.0853795	-1	0.0118496	2.32305	2.4	
380.542	33.9189	-0.074197	-1	0.0218471	2.14476	2.2	
380.417	33.3096	-0.0799379	-1	0.0139215	2.08522	2.2	
380.22	32.3235	-0.075307	-1	0.0171602	2.14419	2.2	
380.166	32.0798	-0.0778781	-1	0.0128731	2.23228	2.1	
380.049	31.4593	-0.0689033	-1	0.0205606	2.092	2.1	
379.843	30.4733	-0.0748014	-1	0.0126064	2.43549	2.1	
379.798	30.2184	-0.0649802	-1	0.021167	2.29976	2.1	
379.7	29.7309	-0.0607737	-1	0.0232568	2.29216	2.1	
379.521	28.8667	-0.0639087	-1	0.0177961	2.52114	2.2	
379.395	28.2463	-0.0614361	-1	0.0184891	2.53779	2.2	
379.324	27.8806	-0.0594572	-1	0.0186191	2.62858	2.3	
379.144	27.0054	-0.0558646	-1	0.0203498	2.74308	2.4	
379.019	26.3849	-0.0522554	-1	0.021924	2.80476	2.5	
378.885	25.7646	-0.054329	-1	0.017658	3.06964	2.5	
378.76	25.1441	-0.0515543	-1	0.0186669	3.1381	2.6	
378.652	24.6456	-0.0602692	-1	0.00808532	3.49275	2.8	
378.5	23.8922	-0.0551929	-1	0.0123531	3.51271	3	
378.375	23.2718	-0.0522831	-1	0.0140276	3.39897	3.1	
378.241	22.6514	-0.0517184	-1	0.0131895	3.6753	3.3	
378.169	22.2858	-0.0481516	-1	0.0154374	3.70036	3.4	
377.981	21.4106	-0.0496373	-1	0.0124079	4.07203	3.4	
377.829	20.6572	-0.0465506	-1	0.0142538	4.04132	3.5	
377.749	20.2805	-0.0459994	-1	0.0133796	4.14081	3.8	
377.588	19.5272	-0.0423894	-1	0.0156517	4.23781	3.8	
377.435	18.7738	-0.035788	-1	0.0206879	4.35739	3.9	
377.355	18.3972	-0.0340891	-1	0.020318	4.41866	4.1	
377.194	17.6438	-0.0337368	-1	0.0186385	4.5064	4.2	
377.042	16.8904	-0.0273011	-1	0.0232103	4.52753	4.2	
376.961	16.5249	-0.0318488	-1	0.0163416	4.73968	4.3	
376.836	15.8933	-0.0235256	-1	0.0230306	4.64303	4.4	
376.648	15.0182	-0.0185572	-1	0.025696	4.84004	4.5	
376.541	14.5085	-0.015622	-1	0.0260616	4.83125	4.5	
376.434	14.01	-0.0223045	-1	0.0167729	4.98017	4.7	
376.308	13.3785	-0.0128504	-1	0.0245498	4.95345	4.8	
376.094	12.3704	-0.0179246	-1	0.0170206	5.21399	4.8	
376.04	12.1156	-0.0220294	-1	0.0112137	5.31968	4.9	
375.933	11.6059	-0.01694	-1	0.0151818	5.39132	4.9	
375.754	10.7307	-0.0170305	-1	0.013573	5.35434	5.1	
375.62	10.0992	-0.0149909	-1	0.0142553	5.42931	5.3	
375.432	9.23515	-0.0233927	-1	0.00442798	5.67813	5.3	
375.36	8.85841	-0.0211715	-1	0.00620643	5.5946	5.4	
375.253	8.3599	-0.0158349	-1	0.0109224	5.61084	5.4	
375.154	7.86131	-0.0189402	-1	0.00672487	5.6081	5.5	
374.975	6.99716	-0.0256924	-1	-0.000699839	5.77827	5.6	
374.815	6.25493	-0.0375319	-1	-0.0124693	5.93739	5.7	
374.716	5.75634	-0.0350917	-1	-0.0087822	5.92868	5.8	
374.537	4.90329	-0.0385919	-1	-0.0114042	5.96065	5.8	
374.492	4.6595	-0.0386007	-1	-0.0102726	5.96456	5.9	
374.394	4.17201	-0.0333917	-1	-0.00403637	5.9037	5.9	
374.268	3.57376	-0.0384136	-1	-0.00865459	6.00974	5.9	
374.063	2.60996	-0.0468785	-1	-0.0162541	6.20632	6	
374.018	2.37727	-0.0450452	-1	-0.0127953	6.19009	6	
373.848	1.53524	-0.0491096	-1	-0.0155802	6.23132	6.1	
373.704	0.826155	-0.0426788	-1	-0.0075914	6.36161	6.1	
373.633	0.471615	-0.0483857	-1	-0.0125391	6.27454	6.2	
373.489	-0.237465	-0.0447953	-1	-0.00769481	6.3418	6.3	
373.346	-0.946546	-0.0462208	-1	-0.00835081	6.25709	6.3	
373.274	-1.30109	-0.0447916	-1	-0.00608657	6.20232	6.3	
373.149	-1.88823	-0.0547764	-1	-0.0154627	6.33412	6.3	
372.979	-2.69697	-0.0561321	-1	-0.0152721	6.34228	6.3	
372.889	-3.17344	-0.0560219	-1	-0.0136347	6.22268	6.3	
372.746	-3.87142	-0.0646741	-1	-0.0209234	6.18798	6.3	
372.629	-4.45865	-0.0598477	-1	-0.0140047	6.16897	6.3	
372.531	-4.93504	-0.0661453	-1	-0.0189018	6.09837	6.3	
372.396	-5.6331	-0.0599405	-1	-0.0108068	5.89233	6.1	
372.28	-6.22033	-0.0683673	-1	-0.018153	5.84731	6.1	
372.163	-6.80756	-0.0669247	-1	-0.0148951	5.69295	6	
372.092	-7.1621	-0.0665962	-1	-0.013077	5.68611	6	
372.002	-7.62747	-0.0606599	-1	-0.0058331	5.57352	5.9	
371.877	-8.20352	-0.0752518	-1	-0.0198417	5.70015	5.9	
371.689	-9.13419	-0.0812842	-1	-0.0238898	5.52937	5.7	
371.644	-9.36688	-0.0811808	-1	-0.0213975	5.48615	5.7	
371.527	-9.943	-0.0796628	-1	-0.0177397	5.42065	5.7	
371.348	-10.8737	-0.0841909	-1	-0.0204938	5.26952	5.6	
371.303	-11.0953	-0.0839939	-1	-0.0182475	5.28256	5.5	
371.105	-12.1258	-0.0787386	-1	-0.0111674	4.87345	5.4	
371.015	-12.5801	-0.0763352	-1	-0.00764732	4.79856	5.3	
370.971	-12.8128	-0.0813535	-1	-0.0119009	4.76897	5	
370.809	-13.5994	-0.0861186	-1	-0.0154759	4.77848	4.8	
370.675	-14.2753	-0.0866939	-1	-0.0145036	4.75369	4.7	
370.612	-14.6077	-0.0839171	-1	-0.0102764	4.55925	4.7	
370.531	-15.0509	-0.0860173	-1	-0.0113489	4.44155	4.7	
370.352	-15.9373	-0.0939983	-1	-0.0181951	4.43379	4.5	
370.271	-16.3805	-0.0882207	-1	-0.010598	4.27501	4.5	
370.118	-17.145	-0.0929277	-1	-0.0142452	4.34076	4.5	
370.037	-17.5883	-0.0923908	-1	-0.0122838	4.17566	4.4	
369.948	-18.0204	-0.101325	-1	-0.0199892	4.071	4.3	
369.867	-18.4525	-0.0944764	-1	-0.011142	3.93157	4.3	
369.723	-19.1949	-0.0983119	-1	-0.0138633	3.85439	4.2	
369.679	-19.4054	-0.102715	-1	-0.0168806	3.90042	4	
369.553	-20.048	-0.108747	-1	-0.0212241	3.79884	3.9	
369.454	-20.5799	-0.0974704	-1	-0.00782504	3.63295	3.9	
369.292	-21.4109	-0.101221	-1	-0.0107935	3.57166	3.8	
369.212	-21.832	-0.102163	-1	-0.010656	3.45767	3.6	
369.113	-22.3528	-0.100633	-1	-0.00806046	3.34446	3.6	
369.032	-22.7627	-0.0955442	-1	-0.00216538	3.46349	3.5	
368.951	-23.1838	-0.096479	-1	-0.00288362	3.39679	3.4	
368.808	-23.8929	-0.101682	-1	-0.00779814	3.42616	3.4	
368.718	-24.4026	-0.096048	-1	-0.00138443	3.19008	3.3	
368.655	-24.7018	-0.0906156	-1	0.00418636	3.38103	3.3	
368.538	-25.3001	-0.0933244	-1	0.00105899	3.28109	3.2	
368.44	-25.7987	-0.0959859	-1	-0.00170848	3.30045	3.1	
368.323	-26.397	-0.0976912	-1	-0.0032429	3.32624	3.1	
368.251	-26.7959	-0.0819291	-1	0.0128435	3.11199	3.1	
368.134	-27.3832	-0.0844962	-1	0.00899209	3.25872	3.1	
368.072	-27.6823	-0.0870385	-1	0.00555056	3.49452	3.1	
368	-28.0701	-0.0810819	-1	0.0109521	3.35656	3.2	
367.865	-28.746	-0.0865531	-1	0.00438567	3.40284	3.3	
367.775	-29.2225	-0.0805343	-1	0.00996595	3.44308	3.3	
367.713	-29.5105	-0.0790651	-1	0.0104385	3.50657	3.3	
367.623	-29.987	-0.0750007	-1	0.013459	3.42659	3.4	
367.479	-30.7404	-0.0659425	-1	0.0211713	3.51739	3.4	
367.435	-30.9287	-0.0761977	-1	0.00879905	3.49114	3.5	
367.363	-31.3055	-0.0702477	-1	0.0138691	3.66636	3.5	
367.201	-32.1476	-0.0541247	-1	0.0286052	3.58959	3.5	
367.165	-32.3359	-0.0520906	-1	0.0277788	3.51	3.5	
367.013	-33.0671	-0.0552186	-1	0.0218729	3.85263	3.5	
366.932	-33.5215	-0.0463888	-1	0.0285154	3.70287	3.5	
366.878	-33.7985	-0.0452449	-1	0.0268077	3.73383	3.5	
366.797	-34.2417	-0.0345588	-1	0.0348131	3.77417	3.6	
366.707	-34.696	-0.0341141	-1	0.0317764	3.6235	3.7	
366.6	-35.2278	-0.0247484	-1	0.0379645	3.74976	3.7	
366.537	-35.5825	-0.0121688	-1	0.0467477	3.58671	3.7	
366.447	-36.0256	-0.013596	-1	0.0406457	3.45828	3.7	
366.304	-36.7236	-0.0100304	-1	0.0401467	3.74364	3.7	
366.277	-36.901	-0.00144843	-1	0.044714	3.6589	3.7	
366.205	-37.2555	-0.000112787	-1	0.0415783	3.66497	3.6	
366.088	-37.8538	0.00529914	-0.994701	0.0428324	3.6549	3.6	
365.999	-38.2748	0.00847193	-0.986229	0.0417219	3.59942	3.6	
365.918	-38.707	0.014641	-0.971588	0.0437188	3.45135	3.6	
365.837	-39.128	0.019912	-0.951676	0.0446179	3.11773	3.6	
365.738	-39.6266	0.0182641	-0.933412	0.0385083	3.04125	3.5	
365.675	-39.959	0.0279716	-0.90544	0.0443649	2.5961	3.4	
365.586	-40.38	0.0268409	-0.878599	0.0387977	2.33347	3.1	
365.505	-40.79	0.0346918	-0.843908	0.0427689	2.03311	2.9	
365.46	-41.0448	0.0424703	-0.801437	0.0462705	1.30159	2.8	
365.362	-41.5323	0.0408846	-0.760553	0.0400577	0.993655	2.4	
365.245	-42.1085	0.0436025	-0.71695	0.0387699	0.525112	1.7	
365.182	-42.4298	0.0506422	-0.666308	0.0419326	0.0582281	1.5	
365.119	-42.7622	0.0491351	-0.617173	0.0362322	-0.607778	1.1	
365.012	-43.3273	0.0567373	-0.560435	0.0402112	-1.13498	0.7	
364.94	-43.6597	0.0572552	-0.50318	0.0367079	-1.5678	0	
364.832	-44.2248	0.0612193	-0.441961	0.0370012	-2.06118	-0.3	
364.761	-44.546	0.0618038	-0.380157	0.0338857	-2.46504	-1	
364.734	-44.7123	0.0616143	-0.318543	0.0303075	-3.25047	-1.3	
364.635	-45.1997	0.0633281	-0.255215	0.0289906	-3.71222	-1.8	
364.546	-45.6096	0.0596057	-0.195609	0.0223691	-3.8301	-2.4	
364.447	-46.0971	0.0589896	-0.13662	0.0195161	-4.16306	-2.9	
364.385	-46.4184	0.0570251	-0.0795944	0.0156001	-4.4706	-3.4	
364.304	-46.8173	0.060286	-0.0193085	0.0173009	-4.97642	-3.8	
364.17	-47.4599	0.0548556	0.0355471	0.0101404	-4.73187	-4.1	
364.098	-47.7811	0.0465459	0.082093	0.000816705	-4.64424	-4.5	
364.036	-48.1024	0.0435996	0.125693	-0.00221133	-4.87972	-4.6	
363.946	-48.5012	0.0375092	0.163202	-0.00808057	-4.5721	-4.8	
363.866	-48.9001	0.035393	0.198595	-0.00938866	-4.58571	-4.8	
363.812	-49.1438	0.0292893	0.227884	-0.0145535	-4.53577	-4.8	
363.687	-49.6976	0.0193164	0.247201	-0.0230711	-3.78333	-4.8	
363.607	-50.0965	0.0108618	0.258062	-0.0292185	-3.46177	-4.6	
363.518	-50.4842	4.67716e-05	0.258109	-0.0371117	-2.54918	-4.3	
363.437	-50.8719	0.00422881	0.262338	-0.0292185	-2.07182	-3.8	
363.33	-51.3482	-0.00240726	0.259931	-0.0329327	-1.36686	-3.1	
363.259	-51.6584	-0.0105864	0.249344	-0.0378186	-0.815338	-2.7	
363.178	-52.035	-0.0212131	0.228131	-0.0446635	0.0447818	-1.8	
363.072	-52.5003	-0.0388302	0.189301	-0.0578142	1.154	-1.4	
363	-52.8104	-0.0446416	0.144659	-0.0578442	2.20744	-0.4	
362.938	-53.1095	-0.0466267	0.0980326	-0.0540449	3.15912	0.3	
362.813	-53.6412	-0.055133	0.0428996	-0.0571467	4.55371	1.3	
362.742	-53.9402	-0.0719677	-0.0290682	-0.0682667	5.83483	2.3	
362.644	-54.3833	-0.0767915	-0.10586	-0.0662638	7.30947	3.5	
362.537	-54.8263	-0.0954937	-0.201353	-0.0783396	8.99346	4.8	
362.492	-55.0479	-0.0929776	-0.294331	-0.0679895	9.79611	6.1	
362.386	-55.4798	-0.104911	-0.399242	-0.0731244	11.6068	7.6	
362.323	-55.779	-0.104528	-0.503771	-0.0654289	12.7808	8.7	
362.234	-56.1444	-0.116809	-0.62058	-0.0711668	14.6816	10.3	
362.154	-56.51	-0.123717	-0.744297	-0.070958	16.1415	11.6	
362.101	-56.7315	-0.133266	-0.877562	-0.073411	17.7341	13.2	
361.985	-57.241	-0.144377	-1	-0.077181	18.9867	14.8	
361.904	-57.6066	-0.144782	-1	-0.0698679	18.6193	16.2	
361.824	-57.9611	-0.15524	-1	-0.0733391	18.2081	17.4	
361.735	-58.3155	-0.167464	-1	-0.0782298	18.0243	17.8	
361.646	-58.7475	-0.170256	-1	-0.0731985	17.1371	18	
361.583	-59.0356	-0.172014	-1	-0.0676368	16.6271	18.1	
361.503	-59.4011	-0.174549	-1	-0.0634074	15.9346	17.9	
361.423	-59.7667	-0.178599	-1	-0.0611167	15.3473	17.4	
361.378	-59.9772	-0.177878	-1	-0.0542841	14.9027	16.7	
361.244	-60.6419	-0.175672	-1	-0.0466502	13.5543	16.1	
361.181	-60.93	-0.178185	-1	-0.0444984	13.1204	15.4	
361.118	-61.2291	-0.177212	-1	-0.0390749	12.657	14.3	
361.056	-61.5171	-0.183027	-1	-0.040983	12.3247	13.8	
360.94	-62.0377	-0.18718	-1	-0.0410369	11.7952	13	
360.913	-62.1929	-0.189309	-1	-0.0390626	11.3557	12.8	
360.805	-62.7247	-0.187597	-1	-0.0334439	10.5581	12.4	
360.707	-63.1789	-0.192282	-1	-0.0347849	9.88856	11.7	
360.662	-63.4116	-0.183531	-1	-0.0225554	9.43189	11.1	
360.617	-63.6443	-0.185856	-1	-0.0226247	9.22519	10.2	
360.482	-64.3645	-0.165183	-1	0.000310769	7.94627	9.7	
360.429	-64.5971	-0.170513	-1	-0.00505086	7.9937	9.6	
360.357	-65.0072	-0.167757	-1	-0.00178908	7.22146	8.9	
360.232	-65.5832	-0.176753	-1	-0.0106062	6.87709	8.4	
360.16	-65.9156	-0.172229	-1	-0.00502195	6.75818	7.9	
360.097	-66.248	-0.173579	-1	-0.00586986	6.36658	7.5	
359.963	-66.946	-0.160102	-1	0.00819414	5.69477	7.2	
359.927	-67.1233	-0.156309	-1	0.0111679	5.55653	6.6	
359.837	-67.5776	-0.158015	-1	0.00834512	4.99802	6.4	
359.756	-68.0319	-0.144263	-1	0.0212622	4.46728	5.9	
359.612	-68.7632	-0.136643	-1	0.0267559	4.01874	5.2	
359.577	-68.9516	-0.136573	-1	0.0241511	3.86664	4.9	
359.487	-69.417	-0.12533	-1	0.032979	3.71517	4.6	
359.334	-70.1814	-0.12507	-1	0.029941	3.41668	4.2	
359.298	-70.3698	-0.128833	-1	0.0231834	3.26031	4	
359.218	-70.7576	-0.132775	-1	0.0169232	3.25386	3.6	
359.092	-71.4446	-0.112887	-1	0.0351189	2.82294	3.4	
358.993	-71.9432	-0.102831	-1	0.041663	2.63208	3.2	
358.939	-72.2424	-0.104381	-1	0.0359468	2.58115	3.1	
358.84	-72.7521	-0.0987042	-1	0.0380288	2.28365	3	
358.679	-73.572	-0.0885447	-1	0.0443855	2.30699	2.7	
358.643	-73.7826	-0.0798168	-1	0.0486748	2.10917	2.5	
358.535	-74.3033	-0.0905305	-1	0.0330936	2.20362	2.4	
358.374	-75.1565	-0.0754469	-1	0.0448679	2.09484	2.4	
358.329	-75.367	-0.0780598	-1	0.0377682	2.2231	2.3	
358.185	-76.1205	-0.0708753	-1	0.0411759	2.02254	2.3	
358.059	-76.7631	-0.0592322	-1	0.0487014	1.99144	2.2	
357.997	-77.0955	-0.0575525	-1	0.0455109	2.00502	2.1	
357.844	-77.8489	-0.0600756	-1	0.0384368	2.15748	2	
357.745	-78.403	-0.0532839	-1	0.0413848	2.05094	2	
357.655	-78.8462	-0.0557939	-1	0.0347363	2.15097	2	
357.566	-79.2783	-0.0572469	-1	0.0298096	2.3162	2	
357.458	-79.8434	-0.0441374	-1	0.0399382	2.27479	2	
357.287	-80.7298	-0.0389369	-1	0.0411449	2.41663	2	
357.243	-80.9514	-0.041702	-1	0.0342653	2.60034	2.1	
357.162	-81.4057	-0.034964	-1	0.0375768	2.36658	2.2	
357	-82.1924	-0.0360446	-1	0.0327385	2.50253	2.4	
356.893	-82.7575	-0.0230763	-1	0.0424329	2.58356	2.4	
356.821	-83.1009	-0.0256167	-1	0.0356493	2.63502	2.4	
356.668	-83.8876	-0.0144745	-1	0.0432265	2.78903	2.4	
356.552	-84.4637	-0.0203476	-1	0.0330308	2.92427	2.5	
356.48	-84.8072	-0.0172849	-1	0.0327904	3.12288	2.6	
356.319	-85.6049	-0.0189931	-1	0.0278032	3.35822	2.8	
356.211	-86.1811	-0.00638218	-1	0.0376338	3.08871	3	
356.148	-86.5357	0.00487964	-0.99512	0.0451322	3.02915	3	
356.032	-87.1118	0.00036982	-0.99475	0.0361092	3.32356	3	
355.843	-88.0536	0.00738277	-0.987368	0.0395112	3.37284	3.1	
355.745	-88.53	0.0123156	-0.975052	0.0404929	3.42534	3.2	
355.583	-89.3499	0.0102807	-0.964771	0.0344087	3.32459	3.2	
355.53	-89.5936	0.0107217	-0.95405	0.0314088	3.40282	3.3	
355.44	-90.0701	0.0166807	-0.937369	0.0342269	3.1109	3.3	
355.216	-91.1447	0.0129353	-0.924434	0.0270589	3.29781	3.3	
355.118	-91.6322	0.0133704	-0.911063	0.0247881	3.33699	3.3	
355.073	-91.876	0.0192247	-0.891839	0.0281635	3.07682	3.3	
354.902	-92.7291	0.0113357	-0.880503	0.0174583	2.90536	3.2	
354.759	-93.4604	0.0261581	-0.854345	0.0305348	2.72304	3.2	
354.687	-93.8261	0.0221321	-0.832213	0.0234553	2.53004	3.1	
354.535	-94.5573	0.0153671	-0.816846	0.0143448	2.6072	3	
354.383	-95.2995	0.0151426	-0.801703	0.0126858	2.55038	2.8	
354.311	-95.6652	0.0180211	-0.783682	0.0142957	2.39516	2.6	
354.159	-96.3964	0.0158947	-0.767787	0.0107397	2.42589	2.5	
354.015	-97.1388	0.0202955	-0.747492	0.0140666	2.23691	2.4	
353.935	-97.5043	0.00601503	-0.741477	-0.00162056	2.35828	2.4	
353.791	-98.2467	0.0142388	-0.727238	0.0067653	2.18421	2.5	
353.639	-98.9779	0.00605233	-0.721186	-0.00209773	2.34264	2.4	
353.567	-99.3435	0.00817447	-0.713011	0.000234178	2.27798	2.2	
353.415	-100.086	0.00686083	-0.70615	-0.00110288	2.43693	2	
353.263	-100.817	-0.00618513	-0.712335	-0.0140385	2.82282	2.1	
353.191	-101.194	-0.00612042	-0.718456	-0.01257	2.80052	2.4	
353.039	-101.925	-0.011591	-0.730047	-0.0167836	2.95399	2.5	
352.878	-102.667	-0.0310946	-0.761142	-0.0346088	3.49365	2.5	
352.78	-103.155	-0.0275173	-0.788659	-0.0275707	3.77846	2.6	
352.672	-103.653	-0.037544	-0.826203	-0.0348402	4.27167	2.9	
352.502	-104.517	-0.0409916	-0.867194	-0.0348038	4.56031	3.4	
352.395	-105.016	-0.0558553	-0.92305	-0.0461871	5.22722	3.9	
352.243	-105.769	-0.062683	-0.985733	-0.0483961	5.61357	4.1	
352.09	-106.512	-0.0671986	-1	-0.0480721	5.7744	4.5	
352.01	-106.888	-0.0786889	-1	-0.0547552	5.8025	5	
351.849	-107.631	-0.0927345	-1	-0.0633253	5.99199	5.4	
351.777	-108.007	-0.0848256	-1	-0.0490838	5.71728	5.6	
351.563	-109.015	-0.0973549	-1	-0.0567048	5.84992	5.6	
351.509	-109.259	-0.106909	-1	-0.0605885	6.00772	5.7	
351.384	-109.891	-0.106747	-1	-0.0543676	5.8194	5.8	
351.169	-110.899	-0.113257	-1	-0.0554409	5.83722	5.9	
351.124	-111.154	-0.115445	-1	-0.0520842	5.68303	5.9	
351.017	-111.652	-0.1178	-1	-0.0492311	5.72797	5.9	
350.829	-112.538	-0.12945	-1	-0.055958	5.74995	5.9	
350.704	-113.17	-0.124966	-1	-0.0458784	5.66768	5.9	
350.596	-113.68	-0.126245	-1	-0.04257	5.75934	5.9	
350.39	-114.699	-0.120674	-1	-0.0327412	5.57092	5.8	
350.337	-114.954	-0.118508	-1	-0.0273017	5.64313	5.8	
350.229	-115.463	-0.120718	-1	-0.0267816	5.69841	5.7	
350.05	-116.361	-0.114243	-1	-0.0176281	5.5427	5.7	
349.916	-116.992	-0.1193	-1	-0.0209219	5.61768	5.7	
349.79	-117.635	-0.11522	-1	-0.01475	5.49293	5.6	
349.71	-118.023	-0.113741	-1	-0.0117956	5.52524	5.6	
349.504	-119.042	-0.110955	-1	-0.0078305	5.40038	5.6	
349.396	-119.563	-0.110421	-1	-0.00651389	5.41949	5.5	
349.217	-120.46	-0.105966	-1	-0.00140748	5.35153	5.4	
349.163	-120.715	-0.10772	-1	-0.00302033	5.37332	5.4	
349.064	-121.236	-0.0974988	-1	0.00750287	5.18799	5.4	
348.831	-122.388	-0.0915095	-1	0.012742	5.1515	5.3	
348.724	-122.909	-0.0933316	-1	0.00964562	5.18228	5.2	
348.617	-123.418	-0.101581	-1	0.000431207	5.19742	5.2	
348.518	-123.939	-0.0936232	-1	0.00834636	5.10004	5.1	
348.339	-124.836	-0.0918626	-1	0.00927231	5.08028	5.1	
348.258	-125.224	-0.0869834	-1	0.0132243	5.1139	5.1	
348.132	-125.867	-0.0854968	-1	0.0133884	4.97536	5	
347.953	-126.775	-0.0880677	-1	0.00947869	4.96694	5.1	
347.846	-127.285	-0.0880554	-1	0.00854318	5.07978	5.1	
347.747	-127.795	-0.0878722	-1	0.00787207	5.10035	5	
347.621	-128.437	-0.0844189	-1	0.0105381	5.04134	5	
347.415	-129.457	-0.0866956	-1	0.00720757	5.13164	5	
347.37	-129.712	-0.0884707	-1	0.0047117	5.01041	5	
347.263	-130.21	-0.0976223	-1	-0.00491097	5.21512	5	
347.092	-131.097	-0.0873489	-1	0.0058535	5.08302	5	
346.967	-131.728	-0.0958284	-1	-0.00321137	5.10859	5.1	
346.895	-132.105	-0.0909101	-1	0.00202811	5.11366	5.1	
346.724	-132.98	-0.0873895	-1	0.00534587	5.02817	5.1	
346.599	-133.612	-0.0956948	-1	-0.00349404	5.07895	5.1	
346.527	-133.977	-0.0975121	-1	-0.00496191	5.01723	5.1	
346.401	-134.609	-0.0949997	-1	-0.00195335	4.99468	5.1	
346.213	-135.595	-0.0860998	-1	0.00714188	4.82169	5.1	
346.159	-135.839	-0.0965269	-1	-0.00399935	4.87663	5.1	
345.989	-136.703	-0.0948086	-1	-0.00188114	4.80446	5	
345.845	-137.445	-0.0934678	-1	-0.000352266	4.71206	5	
345.773	-137.811	-0.09225	-1	0.00090077	4.62918	4.9	
345.657	-138.431	-0.0901938	-1	0.00286693	4.39045	4.8	
345.486	-139.285	-0.0904721	-1	0.00230193	4.2771	4.7	
345.396	-139.783	-0.0886554	-1	0.00388847	4.0849	4.5	
345.298	-140.271	-0.0912412	-1	0.000913775	4.15556	4.3	
345.181	-140.891	-0.0860767	-1	0.00598686	3.90982	4.2	
344.983	-141.877	-0.0832584	-1	0.00820653	3.86287	4.2	
344.93	-142.132	-0.0909293	-1	-0.000285041	3.86701	4	
344.804	-142.753	-0.0932911	-1	-0.00261838	3.76792	3.9	
344.607	-143.75	-0.0935822	-1	-0.0026476	3.49992	3.8	
344.562	-143.994	-0.092549	-1	-0.00134967	3.4225	3.8	
344.436	-144.625	-0.0971367	-1	-0.00580241	3.33293	3.6	
344.239	-145.633	-0.0905841	-1	0.00133043	3.16636	3.5	
344.194	-145.888	-0.090704	-1	0.00107754	3.0609	3.4	
344.095	-146.387	-0.0903934	-1	0.0012804	3.03083	3.2	
343.916	-147.273	-0.0944616	-1	-0.00291586	3.01977	3.1	
343.79	-147.916	-0.0981288	-1	-0.0062915	2.80809	3.1	
343.719	-148.293	-0.0921592	-1	0.000307237	2.74581	3	
343.494	-149.434	-0.0962992	-1	-0.00386346	2.65381	2.9	
343.441	-149.689	-0.0969791	-1	-0.00415702	2.70898	2.8	
343.342	-150.198	-0.0966195	-1	-0.00338167	2.63849	2.8	
343.243	-150.708	-0.101217	-1	-0.00764153	2.45501	2.7	
343.019	-151.849	-0.100805	-1	-0.00646511	2.43124	2.6	
342.938	-152.226	-0.104833	-1	-0.009846	2.52233	2.6	
342.786	-152.99	-0.108952	-1	-0.0129809	2.53551	2.5	
342.634	-153.755	-0.103945	-1	-0.00667603	2.59353	2.5	
342.562	-154.143	-0.0960978	-1	0.00183911	2.48915	2.4	
342.428	-154.774	-0.10363	-1	-0.00587711	2.71556	2.4	
342.248	-155.672	-0.106405	-1	-0.00806461	2.78887	2.4	
342.176	-156.048	-0.103904	-1	-0.00475705	2.78066	2.4	
342.051	-156.691	-0.101232	-1	-0.00160913	2.91775	2.5	
341.871	-157.589	-0.0926313	-1	0.0071525	2.94868	2.6	
341.764	-158.098	-0.103893	-1	-0.00482419	3.08771	2.7	
341.665	-158.608	-0.0991104	-1	0.000440555	3.07323	2.8	
341.486	-159.505	-0.0883455	-1	0.0111614	3.30805	2.8	
341.379	-160.015	-0.100707	-1	-0.00231621	3.57038	3	
341.226	-160.79	-0.0902186	-1	0.00840383	3.65747	3.2	
341.146	-161.167	-0.0967953	-1	0.000986684	3.67242	3.4	
340.94	-162.198	-0.0834141	-1	0.0142693	3.74856	3.4	
340.886	-162.452	-0.081911	-1	0.0143454	3.83797	3.5	
340.787	-162.973	-0.0749358	-1	0.0198861	3.73163	3.6	
340.599	-163.871	-0.0769251	-1	0.0159082	3.96445	3.7	
340.447	-164.635	-0.0724613	-1	0.0187811	3.88704	3.8	
340.339	-165.156	-0.0729052	-1	0.0164592	4.11662	3.8	
340.205	-165.787	-0.0730046	-1	0.0147139	4.16188	3.8	
340.053	-166.563	-0.0578474	-1	0.0283996	4.13778	3.9	
339.946	-167.072	-0.0592682	-1	0.0241389	4.23524	4	
339.82	-167.715	-0.0510094	-1	0.0299837	4.09323	4	
339.686	-168.358	-0.0532398	-1	0.024755	4.16674	4.2	
339.605	-168.734	-0.056809	-1	0.0187103	4.23851	4.1	
339.453	-169.51	-0.0404997	-1	0.0331486	4.11612	4.1	
339.265	-170.407	-0.042497	-1	0.0278364	4.17359	4.1	
339.166	-170.928	-0.0333685	-1	0.0341812	4.06822	4.1	
339.059	-171.438	-0.0357777	-1	0.028354	4.14438	4.1	
338.871	-172.335	-0.0377726	-1	0.0235237	4.0886	4.1	
338.772	-172.856	-0.0326212	-1	0.0263227	3.90411	4.1	
338.665	-173.376	-0.0291037	-1	0.0272079	3.86814	4.1	
338.477	-174.274	-0.0329139	-1	0.0206769	3.92405	4.1	
338.378	-174.784	-0.0248979	-1	0.0266253	3.73356	4	
338.271	-175.304	-0.0332262	-1	0.0156344	3.86284	3.9	
338.136	-175.947	-0.0365259	-1	0.0107712	3.88419	3.9	
337.93	-176.977	-0.0288041	-1	0.0174159	3.71808	3.8	
337.877	-177.232	-0.0305374	-1	0.0139411	3.805	3.8	
337.742	-177.886	-0.0407155	-1	0.00236882	3.857	3.7	
337.59	-178.661	-0.0421511	-1	0.000696355	3.89802	3.7	
337.482	-179.182	-0.0495427	-1	-0.00676489	3.87597	3.7	
337.295	-180.079	-0.0554798	-1	-0.0120255	4.07389	3.7	
337.187	-180.6	-0.0637946	-1	-0.0191377	4.15935	3.7	
337.061	-181.243	-0.0585546	-1	-0.0119839	4.16766	3.9	
336.9	-182.029	-0.067637	-1	-0.019868	4.23243	3.9	
336.82	-182.417	-0.0692691	-1	-0.0195132	4.2871	4	
336.632	-183.326	-0.0809971	-1	-0.02929	4.45195	4	
336.498	-183.968	-0.0813534	-1	-0.0267173	4.56042	4.1	
336.39	-184.489	-0.0838591	-1	-0.0265513	4.60961	4.2	
336.256	-185.143	-0.0958883	-1	-0.0359253	4.72084	4.3	
336.13	-185.796	-0.0876344	-1	-0.0240789	4.70545	4.3	
336.05	-186.184	-0.0874991	-1	-0.0215357	4.75026	4.5	
335.888	-186.971	-0.0897894	-1	-0.0216724	4.88613	4.6	
335.701	-187.879	-0.0918813	-1	-0.021597	4.93418	4.7	
335.593	-188.4	-0.0950007	-1	-0.0225568	5.08842	4.7	
335.459	-189.053	-0.0973989	-1	-0.0226993	5.17821	4.8	
335.298	-189.84	-0.0987032	-1	-0.0217336	5.19882	4.9	
335.217	-190.239	-0.0993592	-1	-0.0202163	5.18148	5	
335.056	-191.026	-0.0926177	-1	-0.0114532	5.17501	5.1	
334.895	-191.812	-0.0948993	-1	-0.0125894	5.16863	5.1	
334.814	-192.2	-0.0876801	-1	-0.00411129	5.17945	5.1	
334.653	-192.987	-0.08995	-1	-0.00597011	5.16474	5.2	
334.5	-193.773	-0.0747664	-1	0.00981057	4.87486	5.1	
334.42	-194.172	-0.0774203	-1	0.00617559	4.87523	5.1	
334.259	-194.959	-0.0688254	-1	0.0141529	4.9593	5.1	
334.097	-195.745	-0.0708954	-1	0.0106676	4.9306	5.1	
334.017	-196.144	-0.0726453	-1	0.00785098	4.87991	5	
333.856	-196.931	-0.0748131	-1	0.00489806	4.85986	5	
333.694	-197.729	-0.0762947	-1	0.00292671	4.81214	4.9	
333.614	-198.127	-0.0681033	-1	0.0108254	4.77754	4.9	
333.452	-198.914	-0.0745775	-1	0.00326867	4.71673	4.8	
333.291	-199.712	-0.0715403	-1	0.00597896	4.68463	4.8	
333.211	-200.111	-0.0742068	-1	0.0027146	4.65118	4.7	
333.076	-200.775	-0.0736589	-1	0.00299103	4.71989	4.7	
332.888	-201.695	-0.0778096	-1	-0.00145882	4.67985	4.6	
332.789	-202.227	-0.0709531	-1	0.00554364	4.50038	4.6	
332.601	-203.157	-0.0706969	-1	0.0052454	4.4271	4.6	
332.493	-203.689	-0.074838	-1	0.000579807	4.39144	4.5	
332.386	-204.221	-0.0839408	-1	-0.008581	4.41446	4.5	
332.278	-204.753	-0.0878059	-1	-0.011588	4.49942	4.5	
332.09	-205.695	-0.0881036	-1	-0.0107269	4.42715	4.4	
332.036	-205.961	-0.0852697	-1	-0.00682025	4.3991	4.4	
331.875	-206.758	-0.0912337	-1	-0.0121023	4.38664	4.3	
331.687	-207.689	-0.105636	-1	-0.0252947	4.41215	4.3	
331.579	-208.232	-0.106254	-1	-0.0233826	4.37671	4.3	
331.472	-208.764	-0.105323	-1	-0.0201137	4.36545	4.3	
331.337	-209.428	-0.107429	-1	-0.0202081	4.30899	4.3	
331.122	-210.503	-0.110966	-1	-0.0217243	4.45576	4.3	
331.068	-210.78	-0.111811	-1	-0.0203965	4.43036	4.3	
330.961	-211.312	-0.113373	-1	-0.0199198	4.40005	4.3	
330.71	-212.531	-0.113103	-1	-0.017657	4.50872	4.3	
330.657	-212.797	-0.113562	-1	-0.0163504	4.38709	4.3	
330.549	-213.339	-0.121372	-1	-0.0225256	4.35883	4.4	
330.361	-214.281	-0.11917	-1	-0.018071	4.37467	4.4	
330.226	-214.957	-0.119665	-1	-0.0167587	4.3221	4.4	
330.092	-215.633	-0.119524	-1	-0.0149416	4.23465	4.3	
330.011	-216.032	-0.120175	-1	-0.0140993	4.29052	4.4	
329.796	-217.118	-0.114437	-1	-0.00695064	4.21488	4.3	
329.742	-217.384	-0.111689	-1	-0.00350765	4.13385	4.3	
329.608	-218.048	-0.112125	-1	-0.00359358	4.20912	4.2	
329.393	-219.123	-0.108333	-1	0.00055868	4.23738	4.2	
329.339	-219.389	-0.110399	-1	-0.00156342	4.28577	4.2	
329.196	-220.054	-0.12264	-1	-0.0136484	4.37676	4.2	
328.981	-221.117	-0.120738	-1	-0.0103813	4.4179	4.2	
328.927	-221.383	-0.119217	-1	-0.00782219	4.37732	4.2	
328.739	-222.303	-0.121458	-1	-0.00928122	4.46617	4.2	
328.586	-223.089	-0.114299	-1	-0.00119364	4.3009	4.3	
328.506	-223.488	-0.123074	-1	-0.00984925	4.25369	4.3	
328.371	-224.142	-0.125428	-1	-0.0112183	4.2938	4.3	
328.183	-225.061	-0.123122	-1	-0.0077908	4.25866	4.2	
328.085	-225.582	-0.116186	-1	-7.61259e-05	4.25176	4.3	
327.977	-226.092	-0.122827	-1	-0.00670896	4.24394	4.3	
327.789	-227	-0.12447	-1	-0.00768151	4.39898	4.2	
327.69	-227.521	-0.117537	-1	1.99982e-05	4.25754	4.2	
327.583	-228.042	-0.118008	-1	-0.000453454	4.20972	4.2	
327.457	-228.684	-0.117331	-1	0.00026871	4.16546	4.2	
327.242	-229.726	-0.129943	-1	-0.0123697	4.26087	4.2	
327.189	-229.981	-0.133872	-1	-0.0150614	4.27765	4.2	
327.081	-230.501	-0.132967	-1	-0.0126505	4.32842	4.2	
326.902	-231.421	-0.128887	-1	-0.00730529	4.289	4.2	
326.768	-232.075	-0.124416	-1	-0.00210434	4.3724	4.2	
326.687	-232.462	-0.126017	-1	-0.00349487	4.47468	4.2	
326.508	-233.382	-0.123771	-1	-0.00089887	4.41019	4.2	
326.373	-234.047	-0.126036	-1	-0.00307406	4.50813	4.3	
326.293	-234.435	-0.12081	-1	0.00245891	4.58281	4.3	
326.158	-235.099	-0.123266	-1	-0.00024284	4.58831	4.4	
325.943	-236.163	-0.128573	-1	-0.00552525	4.67084	4.4	
325.889	-236.429	-0.120346	-1	0.00325416	4.7679	4.5	
325.701	-237.371	-0.124654	-1	-0.00137925	4.78808	4.5	
325.54	-238.179	-0.118228	-1	0.00518492	4.79053	4.5	
325.459	-238.578	-0.113246	-1	0.00964848	4.81751	4.6	
325.235	-239.664	-0.117117	-1	0.0048121	4.92971	4.7	
325.128	-240.196	-0.11484	-1	0.00660848	4.90233	4.8	
325.02	-240.75	-0.114563	-1	0.00622403	4.84499	4.8	
324.913	-241.293	-0.108362	-1	0.0118032	4.76775	4.8	
324.689	-242.379	-0.105407	-1	0.0135773	4.73291	4.8	
324.608	-242.789	-0.0993063	-1	0.0183205	4.59608	4.8	
324.447	-243.608	-0.0949668	-1	0.020828	4.48256	4.8	
324.303	-244.295	-0.0961624	-1	0.0175496	4.38876	4.7	
324.169	-244.982	-0.0830765	-1	0.0288805	4.236	4.6	
324.088	-245.403	-0.0838919	-1	0.0251771	4.14805	4.5	
323.972	-245.957	-0.0851912	-1	0.0213601	4.1446	4.5	
323.783	-246.921	-0.0719623	-1	0.032453	3.9457	4.3	
323.64	-247.619	-0.0767094	-1	0.0244605	3.80326	4.2	
323.559	-248.029	-0.0781519	-1	0.020572	3.71625	4.1	
323.362	-249.004	-0.0734254	-1	0.0232412	3.55173	4	
323.227	-249.713	-0.0755247	-1	0.0188179	3.28513	3.8	
323.138	-250.123	-0.07984	-1	0.0126208	3.43496	3.6	
322.941	-251.109	-0.0813302	-1	0.00986845	3.31318	3.5	
322.797	-251.818	-0.0834151	-1	0.00679675	3.18307	3.4	
322.717	-252.239	-0.0854469	-1	0.00408527	3.10731	3.3	
322.573	-252.948	-0.0898195	-1	-0.000695843	3.02477	3.2	
322.349	-254.079	-0.0931969	-1	-0.0040037	2.84639	3.1	
322.233	-254.644	-0.0955666	-1	-0.00597302	2.87756	3.1	
322.089	-255.353	-0.107911	-1	-0.0177205	2.8652	3	
321.946	-256.062	-0.111375	-1	-0.0194118	2.76574	2.9	
321.865	-256.494	-0.11129	-1	-0.0173857	2.64078	2.8	
321.686	-257.347	-0.124072	-1	-0.0284296	2.72056	2.8	
321.48	-258.344	-0.129237	-1	-0.030751	2.7734	2.6	
321.364	-258.92	-0.129695	-1	-0.0281344	2.8223	2.7	
321.247	-259.485	-0.13521	-1	-0.0308355	2.83799	2.7	
321.041	-260.493	-0.139452	-1	-0.031994	2.82273	2.7	
320.987	-260.782	-0.131547	-1	-0.0208901	2.80423	2.7	
320.808	-261.646	-0.134352	-1	-0.0216057	2.9151	2.7	
320.603	-262.654	-0.140444	-1	-0.0255377	2.90639	2.7	
320.486	-263.23	-0.133878	-1	-0.0164177	2.85409	2.7	
320.334	-263.95	-0.138422	-1	-0.0193194	3.03009	2.8	
320.155	-264.825	-0.135841	-1	-0.0148064	3.16926	2.8	
320.065	-265.257	-0.13704	-1	-0.0145252	3.23397	2.8	
319.824	-266.432	-0.132942	-1	-0.00897434	3.28499	2.9	
319.699	-267.019	-0.134133	-1	-0.00926858	3.40445	3	
319.573	-267.606	-0.131459	-1	-0.00566777	3.4704	3.1	
319.457	-268.193	-0.123514	-1	0.00284438	3.4866	3.2	
319.207	-269.368	-0.129977	-1	-0.00390274	3.69134	3.3	
319.117	-269.811	-0.120883	-1	0.00558165	3.63543	3.4	
318.992	-270.409	-0.122351	-1	0.00355491	3.74662	3.5	
318.831	-271.151	-0.116292	-1	0.00925838	3.87177	3.5	
318.581	-272.348	-0.112175	-1	0.0124493	4.12248	3.5	
318.518	-272.647	-0.113872	-1	0.00950744	4.07471	3.7	
318.393	-273.245	-0.107313	-1	0.015116	4.08014	3.8	
318.178	-274.287	-0.0968607	-1	0.0240568	4.24551	3.9	
318.017	-275.04	-0.103506	-1	0.0150053	4.40481	4	
317.919	-275.483	-0.10101	-1	0.016001	4.50083	4	
317.704	-276.536	-0.0896924	-1	0.0257188	4.62619	4.2	
317.543	-277.289	-0.0972756	-1	0.0155637	4.69684	4.3	
317.445	-277.743	-0.094111	-1	0.017172	4.82614	4.5	
317.284	-278.496	-0.0981191	-1	0.0114466	4.94004	4.5	
317.033	-279.704	-0.0921053	-1	0.0163158	5.11187	4.5	
316.971	-280.014	-0.0871231	-1	0.0196664	5.09512	4.8	
316.747	-281.078	-0.0955995	-1	0.00922338	5.22064	5	
316.551	-281.986	-0.0992715	-1	0.00462905	5.36051	5	
316.461	-282.451	-0.0965912	-1	0.00684641	5.24071	5	
316.3	-283.216	-0.0954577	-1	0.00729523	5.37043	5.1	
316.068	-284.29	-0.107849	-1	-0.0058256	5.44554	5.1	
315.942	-284.9	-0.111527	-1	-0.00892094	5.43689	5.2	
315.754	-285.819	-0.108941	-1	-0.00544331	5.51046	5.4	
315.585	-286.595	-0.108982	-1	-0.00493958	5.58625	5.4	
315.459	-287.215	-0.113221	-1	-0.00868452	5.49987	5.5	
315.334	-287.836	-0.115847	-1	-0.0104424	5.48171	5.6	
315.074	-289.065	-0.120697	-1	-0.0142482	5.40523	5.6	
314.976	-289.531	-0.124959	-1	-0.0170849	5.43409	5.6	
314.842	-290.162	-0.127215	-1	-0.0176325	5.37557	5.6	
314.716	-290.783	-0.123038	-1	-0.0116926	5.27102	5.6	
314.484	-291.868	-0.137477	-1	-0.0249624	5.33209	5.5	
314.323	-292.655	-0.136919	-1	-0.0219075	5.20235	5.4	
314.225	-293.12	-0.138487	-1	-0.0212853	5.08344	5.4	
314.001	-294.217	-0.150908	-1	-0.0315774	5.08875	5.3	
313.839	-295.004	-0.148947	-1	-0.0264588	4.96641	5.2	
313.741	-295.469	-0.152365	-1	-0.0272312	4.9463	5.1	
313.509	-296.577	-0.162468	-1	-0.0346109	4.87315	5	
313.347	-297.363	-0.166829	-1	-0.0355103	4.84765	5	
313.249	-297.84	-0.168273	-1	-0.0334042	4.84195	4.9	
313.088	-298.637	-0.168255	-1	-0.0300453	4.76529	4.8	
312.819	-299.9	-0.188152	-1	-0.0469382	4.93659	4.8	
312.757	-300.222	-0.190947	-1	-0.0450389	4.8283	4.8	
312.524	-301.341	-0.200256	-1	-0.0498445	4.94167	4.8	
312.327	-302.305	-0.199879	-1	-0.0444824	4.80949	4.8	
312.229	-302.781	-0.198158	-1	-0.0383135	4.89026	4.8	
312.032	-303.745	-0.202289	-1	-0.0386132	4.76891	4.8	
311.835	-304.709	-0.20747	-1	-0.0399328	4.85718	4.8	
311.736	-305.196	-0.198965	-1	-0.0274345	4.7979	4.8	
311.637	-305.684	-0.209629	-1	-0.0353548	4.75164	4.7	
311.342	-307.146	-0.205625	-1	-0.0278155	4.68409	4.7	
311.243	-307.634	-0.207138	-1	-0.0265472	4.70022	4.7	
311.01	-308.764	-0.215576	-1	-0.0323302	4.75242	4.7	
310.84	-309.584	-0.213053	-1	-0.0265745	4.86373	4.7	
310.706	-310.237	-0.213398	-1	-0.0242616	4.83899	4.8	
310.572	-310.88	-0.22142	-1	-0.0298571	4.77881	4.8	
310.41	-311.7	-0.210409	-1	-0.0158611	4.5805	4.8	
310.213	-312.675	-0.203686	-1	-0.00755155	4.5739	4.8	
310.079	-313.328	-0.210631	-1	-0.0137414	4.53088	4.7	
309.846	-314.47	-0.201084	-1	-0.00282046	4.55391	4.7	
309.712	-315.123	-0.203454	-1	-0.00490854	4.5022	4.6	
309.578	-315.777	-0.214266	-1	-0.0152292	4.57375	4.6	
309.345	-316.918	-0.210306	-1	-0.00974618	4.61255	4.5	
309.21	-317.572	-0.204836	-1	-0.00330161	4.55332	4.5	
309.013	-318.558	-0.203068	-1	-0.0012037	4.5351	4.5	
308.852	-319.378	-0.196748	-1	0.00523644	4.38514	4.5	
308.717	-320.031	-0.199136	-1	0.00232489	4.46306	4.5	
308.583	-320.674	-0.202286	-1	-0.0010578	4.46017	4.5	
308.35	-321.826	-0.204404	-1	-0.00306956	4.44866	4.4	
308.189	-322.635	-0.19509	-1	0.00655162	4.44054	4.4	
308.082	-323.133	-0.200121	-1	0.00086494	4.51779	4.4	
307.956	-323.787	-0.194074	-1	0.00682504	4.45316	4.4	
307.786	-324.607	-0.204024	-1	-0.00380679	4.45258	4.4	
307.517	-325.914	-0.207783	-1	-0.00718546	4.46743	4.4	
307.392	-326.557	-0.203481	-1	-0.00216516	4.40196	4.4	
307.257	-327.211	-0.201974	-1	-0.00044134	4.45667	4.4	
307.024	-328.363	-0.206793	-1	-0.00521609	4.37284	4.4	
306.926	-328.85	-0.200599	-1	0.00149915	4.3965	4.4	
306.729	-329.825	-0.209749	-1	-0.00780053	4.32484	4.4	
306.531	-330.811	-0.207981	-1	-0.00525193	4.38608	4.4	
306.397	-331.465	-0.201507	-1	0.00174691	4.39447	4.3	
306.299	-331.953	-0.206969	-1	-0.00389026	4.39191	4.3	
306.039	-333.26	-0.197317	-1	0.00615121	4.31455	4.3	
305.976	-333.592	-0.189302	-1	0.0135509	4.31704	4.3	
305.743	-334.734	-0.197339	-1	0.00415923	4.27182	4.3	
305.546	-335.72	-0.186716	-1	0.0143657	4.34827	4.3	
305.447	-336.207	-0.190411	-1	0.0092349	4.35772	4.2	
305.25	-337.193	-0.188754	-1	0.00996751	4.35424	4.2	
305.044	-338.168	-0.200345	-1	-0.00262028	4.41505	4.2	
304.945	-338.667	-0.200889	-1	-0.00290177	4.40402	4.2	
304.82	-339.321	-0.193858	-1	0.00441907	4.35905	4.3	
304.551	-340.628	-0.198594	-1	-0.000758185	4.39053	4.3	
304.488	-340.96	-0.189592	-1	0.00831917	4.33689	4.3	
304.255	-342.101	-0.19346	-1	0.00361987	4.39663	4.3	
304.058	-343.087	-0.191793	-1	0.00492414	4.32174	4.3	
303.959	-343.586	-0.189523	-1	0.00670203	4.37171	4.3	
303.825	-344.24	-0.191709	-1	0.00384536	4.434	4.4	
303.557	-345.547	-0.202301	-1	-0.0071305	4.4224	4.4	
303.494	-345.879	-0.193302	-1	0.002581	4.35031	4.4	
303.332	-346.688	-0.195726	-1	-0.000101079	4.31389	4.4	
303.064	-347.996	-0.195455	-1	0.000180508	4.38304	4.4	
303.001	-348.328	-0.189211	-1	0.00640637	4.30817	4.3	
302.768	-349.469	-0.194105	-1	0.000871275	4.47415	4.4	
302.571	-350.444	-0.187159	-1	0.00773021	4.42134	4.4	
302.472	-350.932	-0.193706	-1	0.000410786	4.45658	4.4	
302.311	-351.74	-0.187035	-1	0.00704082	4.49333	4.4	
302.087	-352.882	-0.188594	-1	0.00477687	4.49791	4.4	
301.952	-353.524	-0.191655	-1	0.00123852	4.58617	4.4	
301.827	-354.167	-0.183506	-1	0.0092633	4.4979	4.4	
301.665	-354.976	-0.184681	-1	0.00716227	4.52124	4.4	
301.405	-356.261	-0.183446	-1	0.00768081	4.50115	4.4	
301.343	-356.571	-0.190255	-1	0.000103821	4.55446	4.4	
301.209	-357.214	-0.191084	-1	-0.000735679	4.60932	4.5	
300.985	-358.322	-0.193261	-1	-0.00283832	4.58372	4.5	
300.832	-359.119	-0.181291	-1	0.00941505	4.54046	4.5	
300.733	-359.596	-0.183528	-1	0.00623683	4.63019	4.5	
300.572	-360.382	-0.191446	-1	-0.00230549	4.6735	4.5	
300.321	-361.634	-0.184579	-1	0.00479289	4.72195	4.5	
300.259	-361.945	-0.191462	-1	-0.00257002	4.67806	4.6	
300.133	-362.565	-0.186767	-1	0.0023819	4.69424	4.7	
299.855	-363.972	-0.185198	-1	0.00371353	4.60544	4.6	
299.792	-364.282	-0.186467	-1	0.00207287	4.67979	4.7	
299.64	-365.058	-0.187472	-1	0.000860742	4.65444	4.6	
299.389	-366.288	-0.181948	-1	0.00629815	4.58963	4.6	
299.326	-366.598	-0.182608	-1	0.00500821	4.66739	4.6	
299.048	-367.983	-0.190841	-1	-0.00372559	4.67004	4.6	
298.923	-368.603	-0.183994	-1	0.00349464	4.70488	4.6	
298.869	-368.903	-0.183072	-1	0.00406723	4.64722	4.6	
298.591	-370.288	-0.186399	-1	0.000333189	4.75536	4.6	
298.466	-370.897	-0.179226	-1	0.0074724	4.8585	4.6	
298.349	-371.506	-0.179688	-1	0.00626399	4.73124	4.7	
298.196	-372.271	-0.181997	-1	0.00332802	4.86604	4.7	
298.009	-373.179	-0.191898	-1	-0.00690571	5.06323	4.7	
297.892	-373.789	-0.191219	-1	-0.00553575	5.10346	4.7	
297.766	-374.398	-0.190507	-1	-0.004271	5.19058	4.8	
297.56	-375.462	-0.183544	-1	0.00311958	5.19777	4.9	
297.435	-376.06	-0.185878	-1	0.000473277	5.29638	5	
297.282	-376.825	-0.18521	-1	0.00109429	5.34336	5	
297.166	-377.423	-0.185811	-1	0.000383575	5.31193	5.1	
296.924	-378.631	-0.185864	-1	0.00029286	5.36075	5.2	
296.869	-378.93	-0.175867	-1	0.0102603	5.26289	5.2	
296.744	-379.528	-0.185078	-1	2.33202e-05	5.3768	5.3	
296.538	-380.581	-0.176651	-1	0.00844788	5.41425	5.3	
296.394	-381.323	-0.177219	-1	0.00703458	5.3571	5.3	
296.278	-381.921	-0.177013	-1	0.0065379	5.42849	5.4	
296.036	-383.107	-0.17672	-1	0.006177	5.5476	5.4	
295.982	-383.406	-0.176742	-1	0.00553661	5.48306	5.4	
295.865	-384.004	-0.176632	-1	0.00509341	5.45609	5.4	
295.659	-385.035	-0.174673	-1	0.00654277	5.62683	5.4	
295.515	-385.766	-0.175161	-1	0.00540089	5.65993	5.4	
295.372	-386.497	-0.175867	-1	0.00415479	5.72495	5.5	
295.291	-386.94	-0.166962	-1	0.0126447	5.66289	5.6	
295.066	-388.104	-0.156563	-1	0.0217783	5.78522	5.6	
295.003	-388.403	-0.163699	-1	0.0124647	5.89471	5.7	
294.752	-389.699	-0.164495	-1	0.0104223	6.23881	5.7	
294.644	-390.276	-0.158415	-1	0.0154601	6.28129	5.8	
294.528	-390.852	-0.16523	-1	0.00709938	6.49197	5.9	
294.393	-391.572	-0.1558	-1	0.0158189	6.67531	6.1	
294.231	-392.436	-0.156595	-1	0.0134423	6.88899	6.3	
294.123	-393.001	-0.15846	-1	0.0102328	7.03911	6.4	
293.926	-393.999	-0.166564	-1	0.00110596	7.37881	6.7	
293.818	-394.564	-0.166337	-1	0.00122203	7.63017	6.8	
293.764	-394.852	-0.166269	-1	0.00116816	7.72492	7.1	
293.602	-395.694	-0.163827	-1	0.00349297	8.35525	7.4	
293.467	-396.403	-0.16661	-1	0.000360903	8.6937	7.9	
293.26	-397.533	-0.155853	-1	0.0110818	9.24934	8	
293.206	-397.81	-0.159991	-1	0.00583559	9.33056	8.4	
293.099	-398.375	-0.155461	-1	0.00978244	9.833	8.9	
292.919	-399.351	-0.147642	-1	0.0166229	10.2692	9.1	
292.792	-400.049	-0.147701	-1	0.0149016	10.7387	9.6	
292.72	-400.459	-0.143869	-1	0.0172438	10.9466	10	
292.586	-401.157	-0.138581	-1	0.0208076	11.6006	10.3	
292.387	-402.254	-0.12978	-1	0.0275273	12.1962	10.8	
292.342	-402.531	-0.126675	-1	0.0278799	12.2434	11.3	
292.171	-403.495	-0.11343	-1	0.0383369	12.8253	11.5	
292.026	-404.326	-0.103151	-1	0.044782	13.1165	11.8	
291.954	-404.736	-0.102284	-1	0.0411703	13.3943	12.2	
291.836	-405.423	-0.0920982	-1	0.0472394	13.705	12.6	
291.682	-406.377	-0.0752803	-1	0.0593335	13.94	13	
291.592	-406.92	-0.0651881	-1	0.0634923	14.1542	13.3	
291.501	-407.452	-0.0507374	-1	0.0715938	14.3193	13.3	
291.384	-408.128	-0.0569462	-1	0.0582256	14.6233	13.6	
291.212	-409.203	-0.0482595	-1	0.0610897	14.8491	14	
291.175	-409.469	-0.0483492	-1	0.0548911	14.8072	14.5	
291.066	-410.134	-0.0395871	-1	0.058164	14.9886	14.7	
290.902	-411.198	-0.0296239	-1	0.0623109	14.894	14.8	
290.866	-411.464	-0.0213086	-1	0.0643951	14.8872	14.8	
290.729	-412.395	-0.0107079	-1	0.0685563	14.7459	14.9	
290.656	-412.916	-0.0108648	-1	0.0615437	14.705	14.9	
290.546	-413.703	-0.00138246	-1	0.0648717	14.4122	14.9	
290.464	-414.224	-0.0121772	-1	0.0475898	14.653	14.9	
290.354	-415.011	-0.0162915	-1	0.0387165	14.4104	14.9	
290.308	-415.399	-0.0143871	-1	0.0367492	14.2204	14.9	
290.207	-416.175	-0.0181975	-1	0.0292639	13.9913	14.7	
290.124	-416.818	-0.0223692	-1	0.0221658	13.7169	14.6	
290.023	-417.583	-0.0383437	-1	0.00397472	13.5477	14.3	
289.976	-417.971	-0.0429119	-1	-0.00099093	13.4484	14.1	
289.902	-418.603	-0.0403138	-1	0.00170621	12.7887	14	
289.8	-419.491	-0.0531691	-1	-0.0113197	12.2486	13.6	
289.744	-420.001	-0.0602343	-1	-0.0172529	11.8233	13.2	
289.68	-420.5	-0.075307	-1	-0.0306003	11.8407	12.8	
289.605	-421.12	-0.0930635	-1	-0.0452968	11.2533	12.3	
289.502	-422.107	-0.11217	-1	-0.0598737	10.1992	11.7	
289.474	-422.351	-0.111262	-1	-0.0529787	10.1377	11.2	
289.409	-422.972	-0.12684	-1	-0.0632579	9.55741	10.8	
289.306	-423.948	-0.143325	-1	-0.0734177	8.737	10.5	
289.286	-424.192	-0.14215	-1	-0.0649011	8.71985	10	
289.221	-424.802	-0.159036	-1	-0.0752967	8.04945	9.6	
289.127	-425.767	-0.175359	-1	-0.0840903	7.04868	9.1	
289.099	-426	-0.184115	-1	-0.0844371	6.92591	8.6	
289.052	-426.477	-0.192553	-1	-0.0844315	6.50314	8.1	
288.967	-427.308	-0.208847	-1	-0.0922817	5.55567	7.7	
288.91	-427.896	-0.218002	-1	-0.0922094	5.0014	7.3	
288.881	-428.251	-0.215795	-1	-0.0807814	4.29793	6.3	
288.825	-428.839	-0.233995	-1	-0.0909031	3.6893	5.8	
288.739	-429.77	-0.24168	-1	-0.0894973	2.54955	5.1	
288.711	-429.992	-0.251183	-1	-0.0900506	2.57692	4.3	
288.644	-430.802	-0.259475	-1	-0.0893382	1.27912	3.7	
288.578	-431.489	-0.268588	-1	-0.0895174	0.732239	2.9	
288.549	-431.833	-0.276398	-1	-0.0883756	0.189416	2.1	
288.493	-432.399	-0.287453	-1	-0.090593	-0.424305	1.3	
288.426	-433.186	-0.29573	-1	-0.0898108	-1.22246	1	
288.379	-433.63	-0.30436	-1	-0.0894588	-1.6501	0.4	
288.331	-434.196	-0.305876	-1	-0.0820296	-2.07215	-0.5	
288.274	-434.75	-0.323088	-1	-0.0910385	-2.62227	-0.9	
288.246	-435.083	-0.3225	-1	-0.081347	-3.05464	-1.4	
288.18	-435.748	-0.332418	-1	-0.08313	-3.75111	-1.9	
288.104	-436.524	-0.342049	-1	-0.0844478	-4.54029	-2.5	
288.066	-436.968	-0.334339	-1	-0.068293	-5.10209	-3.1	
288.019	-437.401	-0.343799	-1	-0.070924	-5.27059	-3.8	
287.944	-438.177	-0.343723	-1	-0.0637559	-5.85293	-4.3	
287.905	-438.62	-0.326512	-1	-0.0401689	-6.49913	-5	
287.858	-439.053	-0.336384	-1	-0.046024	-6.80521	-5.5	
287.802	-439.607	-0.328916	-1	-0.0339537	-7.25009	-5.8	
287.7	-440.483	-0.329189	-1	-0.0308312	-7.59346	-6.4	
287.681	-440.705	-0.328715	-1	-0.0272741	-7.86169	-7	
287.626	-441.138	-0.328904	-1	-0.0247354	-7.91041	-7.1	
287.541	-441.914	-0.311852	-1	-0.00520977	-8.36684	-7.4	
287.477	-442.457	-0.307487	-1	-0.000324488	-8.58578	-7.6	
287.403	-443	-0.315355	-1	-0.0081592	-8.55472	-8	
287.366	-443.333	-0.300702	-1	0.00730884	-8.63215	-8.3	
287.264	-444.209	-0.283278	-1	0.0240021	-8.80647	-8.3	
287.245	-444.431	-0.274377	-1	0.030503	-8.98968	-8.3	
287.135	-445.196	-0.273724	-1	0.0281056	-8.87344	-8.4	
287.043	-445.85	-0.266323	-1	0.0326959	-8.83292	-8.7	
286.988	-446.293	-0.253517	-1	0.0422332	-8.72354	-8.9	
286.933	-446.737	-0.237067	-1	0.0544598	-8.57965	-8.8	
286.833	-447.391	-0.238723	-1	0.0473578	-8.45556	-8.6	
286.787	-447.723	-0.231127	-1	0.050218	-8.14058	-8.6	
286.687	-448.377	-0.217465	-1	0.058858	-7.69446	-8.5	
286.613	-448.932	-0.204821	-1	0.0656159	-7.57938	-8.4	
286.485	-449.807	-0.16994	-1	0.0939355	-7.06695	-8	
286.458	-450.029	-0.164118	-1	0.0903643	-6.99795	-7.6	
286.385	-450.472	-0.155655	-1	0.0897909	-6.66937	-7.4	
286.267	-451.237	-0.141296	-1	0.0951702	-6.14674	-7	
286.176	-451.791	-0.125132	-1	0.101818	-5.6815	-6.8	
286.122	-452.124	-0.117784	-1	0.0989835	-5.7251	-6.8	
286.023	-452.667	-0.107801	-1	0.0990688	-4.89227	-6.7	
285.878	-453.553	-0.0820778	-1	0.114885	-4.33413	-6.7	
285.805	-453.986	-0.0662137	-1	0.11926	-3.71641	-6.4	
285.805	-453.986	-0.0662137	-1	0.107334	-3.69645	-6.4	
285.805	-453.986	-0.0662137	-1	0.0966008	-3.67848	-6.4	
285.805	-453.986	-0.0662137	-1	0.0869407	-3.66232	-6.4	
