488.667	263.629	0.684966	0.684966	0.684966	-90.4609	3.1	
488.641	263.641	0.657989	1	0.589493	-88.1256	3.4	
488.599	263.63	0.631497	1	0.504051	-86.4396	3.4	
488.564	263.608	0.622281	1	0.44443	-82.3913	2.1	
488.538	263.575	0.623005	1	0.400711	-83.3616	-5.3	
488.504	263.542	0.617047	1	0.354682	-83.7876	-18.8	
488.452	263.487	0.611628	1	0.313795	-84.5517	-44.8	
488.409	263.432	0.622528	1	0.293315	-80.8701	-59.5	
488.357	263.377	0.617264	1	0.258719	-80.5272	-48.6	
488.245	263.256	0.610045	1	0.225629	-63.6095	-37.8	
488.167	263.212	0.578367	1	0.171388	-54.8296	-35.1	
488.072	263.146	0.548528	1	0.12441	-46.8644	-32.9	
487.909	263.015	0.507533	1	0.0709744	-42.3464	-29.8	
487.814	262.916	0.498877	1	0.0552208	-38.766	-27.5	
487.719	262.806	0.497199	1	0.0480207	-38.8522	-25.2	
487.537	262.618	0.486856	1	0.0328752	-36.7979	-23.2	
487.434	262.508	0.480305	1	0.0230364	-34.2439	-21.9	
487.33	262.398	0.475562	1	0.0159902	-33.4059	-20.3	
487.149	262.2	0.464705	1	0.00353418	-31.775	-18.7	
487.045	262.079	0.463226	1	0.00170182	-30.6019	-17.8	
486.941	261.98	0.451553	1	-0.0101412	-30.0794	-17	
486.76	261.837	0.402829	1	-0.0578512	-26.1508	-16	
486.657	261.739	0.389771	1	-0.0651243	-25.5485	-15.4	
486.545	261.629	0.379597	1	-0.0687855	-24.1317	-15.1	
486.355	261.419	0.371871	1	-0.0696328	-22.9257	-14.9	
486.242	261.309	0.360367	1	-0.074174	-22.3994	-14.4	
486.139	261.199	0.351171	1	-0.0759527	-20.8404	-13.8	
485.94	261.001	0.335767	1	-0.0837615	-19.55	-13.4	
485.837	260.88	0.3396	1	-0.0715519	-19.246	-13.1	
485.724	260.77	0.32928	1	-0.0747165	-18.2412	-13	
485.543	260.572	0.320019	1	-0.0765063	-16.8229	-12.8	
485.439	260.451	0.323521	1	-0.0653533	-17.4022	-12.6	
485.335	260.33	0.320407	1	-0.0619327	-16.23	-12.5	
485.154	260.143	0.310185	1	-0.0659607	-15.5768	-12.2	
485.042	260.033	0.299781	1	-0.0697687	-14.6195	-12.1	
484.887	259.868	0.294724	1	-0.0678487	-13.8896	-11.9	
484.748	259.736	0.279222	1	-0.0765663	-12.335	-11.8	
484.645	259.626	0.268402	1	-0.0797294	-11.7538	-11.6	
484.489	259.461	0.263855	1	-0.0763033	-11.3578	-11.5	
484.377	259.362	0.245845	1	-0.0866838	-10.0521	-11.2	
484.23	259.197	0.246841	1	-0.0770185	-9.03908	-11.2	
484.109	259.053	0.244035	1	-0.0721231	-9.15997	-11.1	
484.014	258.943	0.248589	1	-0.0603565	-9.16146	-10.9	
483.859	258.789	0.232121	1	-0.0707894	-7.82527	-10.8	
483.729	258.657	0.226571	1	-0.0692597	-7.2601	-10.8	
483.634	258.558	0.227377	1	-0.0615282	-6.57597	-10.5	
483.479	258.404	0.207835	1	-0.0749175	-5.23871	-10.3	
483.401	258.327	0.201448	1	-0.0738123	-4.80002	-10.3	
483.306	258.228	0.197432	1	-0.0704479	-4.39358	-10.1	
483.177	258.107	0.173631	1	-0.0872038	-3.00702	-9.7	
482.987	257.898	0.176877	1	-0.0752368	-2.46284	-9.1	
482.9	257.788	0.189111	1	-0.0554797	-3.01937	-8.8	
482.805	257.689	0.187737	1	-0.0513058	-2.62615	-6.9	
482.684	257.557	0.179287	1	-0.0546245	-1.57486	-4.9	
482.555	257.436	0.165421	1	-0.0630288	-0.273849	-3.9	
482.477	257.359	0.165657	1	-0.0564897	0.126933	-2.8	
482.279	257.161	0.148151	1	-0.0683469	-21.2541	-1.7	
482.132	257.007	0.137017	1	-0.0726461	-19.2242	-1.5	
481.968	256.853	0.12471	1	-0.0776883	-16.5311	-8.4	
481.864	256.743	0.118424	1	-0.0762054	-15.3509	-11.5	
481.571	256.424	0.114837	1	-0.0721715	-11.4339	-9.4	
481.493	256.336	0.111876	1	-0.0679163	-10.7371	-11	
481.191	256.005	0.113692	1	-0.0593086	-8.07709	-13.3	
480.94	255.764	0.0948478	1	-0.0722215	-5.69925	-13	
480.785	255.599	0.0914674	1	-0.0683798	-4.8269	-11.2	
480.258	255.082	0.0504222	1	-0.102587	-1.08956	-9.5	
480.008	254.84	0.0265757	1	-0.116175	0.276097	-7.7	
479.879	254.708	0.0264155	1	-0.104718	0.789937	-2.8	
479.395	254.235	-0.012422	0.987578	-0.133083	2.82976	-1.4	
478.955	253.806	-0.0475856	0.939992	-0.154939	4.49606	-0.9	
478.731	253.586	-0.0710463	0.868946	-0.162905	5.61734	0.8	
478.282	253.113	-0.0863742	0.782572	-0.161943	6.7092	2.3	
477.807	252.629	-0.1017	0.680872	-0.161075	8.28637	3.6	
477.557	252.387	-0.121761	0.559111	-0.165028	9.70428	4.8	
477.048	251.892	-0.160946	0.398165	-0.18771	11.7102	6.3	
476.538	251.397	-0.204453	0.193712	-0.212446	13.686	7.7	
476.288	251.144	-0.21199	-0.018278	-0.198738	15.8089	9.8	
475.857	250.726	-0.249803	-0.268081	-0.216678	17.8774	11.3	
475.261	250.144	-0.30128	-0.569361	-0.246487	20.1539	13.5	
474.925	249.802	-0.320312	-0.889674	-0.24087	22.8374	15	
474.51	249.384	-0.335039	-1	-0.23151	23.5583	17.5	
474.027	248.878	-0.354127	-1	-0.227447	22.7808	19.6	
473.785	248.625	-0.362597	-1	-0.213173	22.5793	20.9	
473.12	247.954	-0.401747	-1	-0.231006	21.4246	21.9	
472.792	247.624	-0.415845	-1	-0.222003	21.016	22	
472.628	247.448	-0.421678	-1	-0.205635	20.5281	22	
472.214	247.03	-0.443458	-1	-0.206851	19.9731	21.7	
471.575	246.359	-0.464005	-1	-0.206713	18.8393	20.8	
471.255	246.018	-0.464218	-1	-0.186255	17.8866	19.9	
470.702	245.434	-0.478573	-1	-0.181985	17.0921	19.3	
470.547	245.269	-0.478934	-1	-0.164147	16.3446	18.5	
470.253	244.939	-0.474101	-1	-0.1429	15.7489	18	
469.881	244.521	-0.46289	-1	-0.117399	14.7271	17.2	
469.268	243.849	-0.465174	-1	-0.107943	13.4867	16.4	
468.957	243.519	-0.473661	-1	-0.105635	13.0945	15.7	
468.421	242.925	-0.468913	-1	-0.0903243	12.0246	14.5	
468.11	242.583	-0.469069	-1	-0.0814477	11.3929	14	
467.799	242.231	-0.462856	-1	-0.06709	10.7076	12.8	
467.333	241.714	-0.456525	-1	-0.0540496	9.72051	12.2	
467.108	241.46	-0.458051	-1	-0.0501708	9.37453	11.5	
466.797	241.108	-0.445755	-1	-0.032858	8.763	11.1	
466.131	240.337	-0.412361	-1	0.00382248	7.40615	10.7	
465.829	239.996	-0.410252	-1	0.00554892	7.02124	9.5	
465.673	239.82	-0.402116	-1	0.01313	6.82148	8.3	
464.973	239.016	-0.39035	-1	0.0235829	5.96083	7.8	
464.662	238.663	-0.375378	-1	0.0361964	5.72159	7.3	
464.506	238.476	-0.368576	-1	0.0393788	5.37739	6.6	
463.806	237.672	-0.343814	-1	0.0602032	4.70519	6.3	
463.573	237.408	-0.327201	-1	0.0707956	4.39272	5.6	
463.339	237.144	-0.323175	-1	0.0677421	4.42294	5.7	
462.795	236.516	-0.303737	-1	0.0804064	3.98836	5.6	
462.423	236.086	-0.287568	-1	0.0885346	3.76278	5	
462.198	235.822	-0.274824	-1	0.0924253	3.56228	4.4	
461.507	235.018	-0.250564	-1	0.107442	3.28327	3.9	
461.273	234.754	-0.24777	-1	0.0994925	3.31339	3.6	
461.049	234.49	-0.237931	-1	0.0993824	3.19757	3.4	
460.348	233.686	-0.223492	-1	0.103883	3.18406	3.3	
460.046	233.333	-0.217424	-1	0.0995626	3.13483	3.1	
459.89	233.157	-0.217742	-1	0.0892882	3.16343	3.1	
459.501	232.717	-0.200656	-1	0.0974458	3.35733	3.2	
458.905	232.023	-0.177183	-1	0.111174	3.49856	3.2	
458.758	231.847	-0.17092	-1	0.106319	3.51392	3.3	
458.239	231.252	-0.167264	-1	0.0993434	3.57542	3.3	
457.859	230.811	-0.153851	-1	0.102823	3.79575	3.4	
457.634	230.547	-0.144737	-1	0.101654	3.95942	3.3	
457.098	229.941	-0.146841	-1	0.0893848	4.21053	3.4	
456.718	229.512	-0.140532	-1	0.0867554	4.57014	3.4	
456.269	228.983	-0.12045	-1	0.0981614	4.82701	3.5	
455.81	228.466	-0.106168	-1	0.102627	5.19001	4.1	
455.586	228.213	-0.107185	-1	0.091348	5.34729	4.4	
455.361	227.948	-0.0910422	-1	0.0983557	5.69808	4.7	
454.851	227.365	-0.087558	-1	0.0920043	6.22571	4.5	
454.557	227.034	-0.0820201	-1	0.0883418	6.55684	4.5	
453.961	226.34	-0.0584531	-1	0.103075	7.31312	4.8	
453.658	225.999	-0.0707434	-1	0.0804768	7.50128	5.1	
453.209	225.482	-0.0480679	-1	0.0951047	8.13407	5.9	
452.984	225.228	-0.0547835	-1	0.0788786	8.53318	6.7	
452.69	224.887	-0.0421244	-1	0.0836498	8.66321	7.6	
452.396	224.546	-0.0356746	-1	0.0817346	8.97884	8	
451.869	223.951	-0.0244931	-1	0.0847426	9.53544	8.3	
451.506	223.521	-0.00188502	-1	0.0988765	9.89012	8.7	
451.074	223.026	-0.0060291	-1	0.0848447	10.5448	9.2	
450.711	222.607	0.00642551	-0.993575	0.0888149	10.8016	9.5	
450.486	222.343	0.0138693	-0.979705	0.0873772	10.9168	10	
450.192	222.002	0.0201764	-0.959529	0.0849465	11.0518	10.3	
449.82	221.572	0.0233442	-0.936185	0.0796197	11.3129	10.7	
449.232	220.878	0.0469202	-0.889264	0.0952337	11.4709	10.9	
449.085	220.713	0.0462464	-0.843018	0.0850366	11.4924	11.1	
448.42	219.931	0.0624854	-0.780533	0.0927719	11.702	11.2	
448.126	219.579	0.0725608	-0.707972	0.0935701	11.4092	11.3	
447.979	219.413	0.0727419	-0.63523	0.0843942	11.2413	11.5	
447.538	218.907	0.0680179	-0.567212	0.0712308	11.2363	11.5	
447.106	218.389	0.0759505	-0.491262	0.0720403	11.0946	11.5	
446.881	218.125	0.0811357	-0.410126	0.0700215	10.7601	11.5	
446.301	217.431	0.0872285	-0.322897	0.0691121	10.8472	11.3	
446.007	217.078	0.0886302	-0.234267	0.0636026	10.4212	11.2	
445.635	216.627	0.0952835	-0.138984	0.0638957	10.3487	11.1	
445.272	216.186	0.100617	-0.0383666	0.0628395	10.0415	10.8	
445.047	215.922	0.0952612	0.0568946	0.0511998	9.57873	10.5	
444.615	215.393	0.10087	0.157765	0.0516889	9.39917	10.3	
444.096	214.776	0.0950752	0.25284	0.040725	9.55318	10	
443.811	214.423	0.0877977	0.340638	0.0293749	9.324	9.8	
443.37	213.895	0.0739794	0.414617	0.0126192	9.64353	9.1	
443.153	213.63	0.0738238	0.488441	0.0112016	9.33836	8.8	
442.712	213.09	0.0673452	0.555786	0.00360291	9.71988	9	
442.271	212.55	0.0541292	0.609915	-0.00997342	10.1209	9.4	
441.986	212.187	0.0468387	0.656754	-0.0162666	10.1722	9.6	
441.475	211.559	0.0269995	0.683754	-0.0344792	10.75	10.1	
441.25	211.283	0.0269502	0.710704	-0.0310805	11.0632	10.2	
441.034	211.008	0.0206233	0.731327	-0.0342994	11.2021	10.5	
440.593	210.468	-0.00678901	0.724538	-0.0582817	12.0394	10.8	
440.091	209.851	-0.0345736	0.689964	-0.0802381	13.3311	10.5	
439.797	209.498	-0.0615407	0.628424	-0.0991814	14.5606	10.1	
439.503	209.135	-0.082154	0.54627	-0.109877	15.6526	10.7	
438.992	208.485	-0.114936	0.431334	-0.131671	17.4393	12.6	
438.707	208.121	-0.135256	0.296078	-0.138824	18.8535	14.5	
438.196	207.482	-0.175075	0.121003	-0.164761	20.8666	16.3	
437.911	207.107	-0.17926	-0.0582576	-0.15247	22.585	17.6	
437.616	206.743	-0.217712	-0.27597	-0.175675	24.3688	18.9	
437.184	206.181	-0.245054	-0.521024	-0.185449	26.3693	20.7	
436.976	205.906	-0.261958	-0.782982	-0.183808	28.3476	22.5	
436.405	205.178	-0.314607	-1	-0.218076	29.8154	24.3	
436.266	205.002	-0.322045	-1	-0.203707	29.924	26	
435.773	204.34	-0.357762	-1	-0.219053	29.5112	27.5	
435.487	203.966	-0.384109	-1	-0.223495	29.1678	28.5	
435.071	203.403	-0.417057	-1	-0.234093	28.4368	28.8	
434.863	203.117	-0.430432	-1	-0.224059	28.0559	28.9	
434.309	202.345	-0.457532	-1	-0.228753	26.9259	28.7	
434.04	201.959	-0.463602	-1	-0.211948	26.3178	26.3	
433.902	201.771	-0.47724	-1	-0.204391	26.1609	25.3	
433.494	201.187	-0.490097	-1	-0.196808	25.4468	24.8	
433.018	200.525	-0.515627	-1	-0.202658	24.8821	24.8	
432.749	200.15	-0.527301	-1	-0.194066	24.7588	25.2	
432.359	199.554	-0.525904	-1	-0.173263	23.757	25.2	
432.03	199.069	-0.53714	-1	-0.167172	23.3186	25.1	
431.7	198.573	-0.53727	-1	-0.150585	22.7492	24.8	
431.509	198.275	-0.53524	-1	-0.133497	22.1894	24.2	
431.18	197.778	-0.541865	-1	-0.126772	21.5379	22.3	
430.798	197.171	-0.534678	-1	-0.106908	20.812	21.3	
430.477	196.675	-0.526113	-1	-0.0876522	20.3189	21.6	
430.095	196.079	-0.523968	-1	-0.0767414	19.6431	21.7	
429.904	195.792	-0.522631	-1	-0.0677303	19.4348	21.5	
429.401	194.997	-0.511273	-1	-0.0495995	18.6412	21.1	
429.149	194.589	-0.497856	-1	-0.0312227	18.0808	20.4	
428.897	194.18	-0.480664	-1	-0.0109078	17.5931	19	
428.472	193.474	-0.465489	-1	0.0053575	16.9134	17.9	
428.229	193.065	-0.454086	-1	0.0162252	16.67	17.5	
427.977	192.657	-0.442508	-1	0.0261805	16.3245	17.3	
427.612	192.039	-0.418533	-1	0.0475376	15.9052	17.1	
427.438	191.73	-0.403531	-1	0.0577851	15.5612	16.5	
427.134	191.222	-0.39415	-1	0.0613882	15.2771	16.4	
426.83	190.714	-0.39683	-1	0.0525696	15.1666	16.1	
426.413	190.007	-0.379395	-1	0.0647472	14.7271	15.8	
426.231	189.698	-0.377209	-1	0.0604582	14.6491	15.4	
425.753	188.87	-0.368683	-1	0.0629391	14.228	15.1	
425.639	188.66	-0.347623	-1	0.0777046	13.9145	14.9	
425.344	188.141	-0.344579	-1	0.0729783	13.6883	14.5	
424.987	187.512	-0.322751	-1	0.0875088	13.3443	14.2	
424.7	186.993	-0.319909	-1	0.0815993	13.0441	14	
424.353	186.363	-0.304953	-1	0.0883962	12.7038	13.6	
424.179	186.054	-0.301894	-1	0.0826152	12.5163	13.3	
423.831	185.436	-0.296556	-1	0.079692	12.2776	12.7	
423.483	184.817	-0.298646	-1	0.0696319	12.2034	12	
423.318	184.497	-0.292118	-1	0.069197	11.9076	12	
423.031	183.967	-0.284157	-1	0.0702388	11.8183	11.6	
422.63	183.227	-0.27771	-1	0.0696615	11.612	11.6	
422.396	182.807	-0.274837	-1	0.0655683	11.6862	11.6	
422.056	182.166	-0.263217	-1	0.0706319	11.3972	11.6	
421.717	181.526	-0.253499	-1	0.0732861	11.3182	11.6	
421.543	181.205	-0.256678	-1	0.0627786	11.217	11.6	
421.325	180.786	-0.242809	-1	0.07037	11.078	11.5	
420.934	180.057	-0.238551	-1	0.0675906	10.9877	11.4	
420.716	179.637	-0.233	-1	0.0663825	10.9182	10.8	
420.376	178.996	-0.230351	-1	0.0623933	11.0102	10.3	
420.211	178.676	-0.222495	-1	0.0640103	10.9697	10.4	
419.758	177.814	-0.21996	-1	0.0601443	11.089	10.9	
419.541	177.383	-0.210381	-1	0.0637093	10.9512	10.8	
419.427	177.162	-0.214403	-1	0.0533164	10.9337	10.4	
418.931	176.19	-0.204391	-1	0.0579966	11.0838	10.1	
418.705	175.759	-0.208727	-1	0.0478606	11.3638	10.3	
418.592	175.549	-0.208725	-1	0.0430762	11.4774	10.4	
418.112	174.588	-0.203722	-1	0.043772	11.5524	10.9	
417.895	174.168	-0.198797	-1	0.0443193	11.6542	11	
417.668	173.726	-0.199157	-1	0.0395279	11.7116	10.8	
417.285	172.964	-0.200971	-1	0.0337609	11.8365	10.5	
417.067	172.522	-0.192648	-1	0.0387079	11.9236	10.7	
416.962	172.301	-0.192494	-1	0.0349908	11.9289	11.1	
416.466	171.317	-0.194641	-1	0.0293453	12.1829	11.7	
416.248	170.875	-0.186417	-1	0.0346342	12.3253	11.9	
416.143	170.654	-0.175046	-1	0.0425419	12.3276	12.2	
415.655	169.671	-0.178005	-1	0.0353285	12.4233	11.9	
415.446	169.24	-0.166653	-1	0.0431478	12.4517	11.3	
415.237	168.798	-0.155081	-1	0.050405	12.5808	11.5	
415.019	168.356	-0.151311	-1	0.0491345	12.7393	11.9	
414.696	167.682	-0.145042	-1	0.0504904	12.9615	12.6	
414.435	167.129	-0.133655	-1	0.0568284	13.042	12.8	
414.112	166.455	-0.130591	-1	0.0542093	13.3008	13	
413.946	166.112	-0.130464	-1	0.0489155	13.5284	13.1	
413.528	165.217	-0.119152	-1	0.055336	13.7336	13.1	
413.31	164.764	-0.123561	-1	0.0453934	14.045	13.3	
413.109	164.311	-0.10778	-1	0.0566351	14.3099	13.4	
412.847	163.747	-0.104754	-1	0.0539977	14.5697	13.6	
412.542	163.073	-0.0897546	-1	0.0635971	14.741	14	
412.385	162.73	-0.093114	-1	0.053878	14.9474	13.7	
412.07	162.045	-0.084773	-1	0.0568312	15.3506	12.7	
411.765	161.36	-0.0771965	-1	0.0587246	15.7653	13.2	
411.608	161.017	-0.0769577	-1	0.0530909	15.9846	13.6	
411.197	160.099	-0.0816026	-1	0.0431369	16.6087	13.3	
410.996	159.646	-0.0790978	-1	0.041328	16.9166	13.9	
410.892	159.414	-0.0809414	-1	0.0353516	17.1645	15.1	
410.446	158.397	-0.0754534	-1	0.0373045	17.701	15.8	
410.245	157.944	-0.0728827	-1	0.0361447	17.9382	16.5	
410.149	157.711	-0.0654938	-1	0.0399191	18.0651	17.1	
409.8	156.915	-0.0718467	-1	0.0295744	18.3624	17.4	
409.511	156.23	-0.0633295	-1	0.0351341	18.5584	17.1	
409.319	155.765	-0.0564904	-1	0.0384598	18.5611	15.7	
409.03	155.08	-0.0559893	-1	0.0351149	18.7924	15	
408.882	154.737	-0.0553201	-1	0.0322726	19.1628	16.5	
408.698	154.284	-0.0510253	-1	0.0333401	19.1839	16.8	
408.278	153.255	-0.0517589	-1	0.0292725	19.4793	16.9	
408.086	152.802	-0.056239	-1	0.0218652	19.7598	16.8	
407.902	152.348	-0.0579516	-1	0.0179661	19.8933	16.2	
407.674	151.784	-0.055682	-1	0.018439	20.1018	17.5	
407.455	151.209	-0.0461328	-1	0.0261443	20.0902	16.9	
407.315	150.866	-0.0576968	-1	0.0119659	20.2049	15.4	
407.009	150.07	-0.0507299	-1	0.0177363	20.2364	16.7	
406.746	149.384	-0.0542921	-1	0.0124004	20.4261	15.6	
406.614	149.041	-0.0583728	-1	0.00707965	20.3945	16.9	
406.264	148.123	-0.07312	-1	-0.0083755	20.7529	18.4	
406.088	147.67	-0.0772808	-1	-0.0116988	20.7881	19.2	
405.922	147.216	-0.0876847	-1	-0.0209328	20.4751	20.2	
405.711	146.641	-0.0907269	-1	-0.0218817	20.2912	20	
405.501	146.077	-0.100041	-1	-0.0290076	20.2443	18.6	
405.378	145.734	-0.105381	-1	-0.0314469	20.0938	18.8	
405.001	144.694	-0.129446	-1	-0.0523669	19.9802	19.2	
404.842	144.229	-0.137351	-1	-0.0550352	19.612	18.7	
404.763	143.997	-0.133556	-1	-0.0457368	19.5539	18.8	
404.482	143.189	-0.152583	-1	-0.0601906	19.2025	17.9	
404.245	142.492	-0.163632	-1	-0.0652199	18.9919	17.9	
404.122	142.138	-0.172266	-1	-0.0673326	19.08	17.2	
403.885	141.452	-0.186844	-1	-0.0751773	18.8889	16.5	
403.647	140.755	-0.20134	-1	-0.0821552	18.8007	17.3	
403.533	140.412	-0.21473	-1	-0.08733	18.8323	18.2	
403.304	139.703	-0.223459	-1	-0.0873258	18.4956	18.8	
403.075	139.006	-0.240277	-1	-0.095411	18.3418	18.9	
402.97	138.652	-0.23258	-1	-0.0781734	17.8493	18.5	
402.785	138.065	-0.24426	-1	-0.0820357	17.6601	18.3	
402.529	137.235	-0.258464	-1	-0.0880365	17.1599	17.7	
402.379	136.77	-0.260887	-1	-0.0816555	17.0724	16.3	
402.238	136.294	-0.264619	-1	-0.0772219	16.8785	16.4	
402.062	135.708	-0.270142	-1	-0.0750231	16.6894	16.7	
401.771	134.756	-0.281772	-1	-0.0791506	16.3878	16.6	
401.7	134.523	-0.294875	-1	-0.0843384	16.4142	16	
401.462	133.693	-0.292341	-1	-0.0733708	16.1966	16.5	
401.285	133.095	-0.307246	-1	-0.0809387	16.0421	16.1	
401.082	132.376	-0.305071	-1	-0.070669	15.7382	15	
400.984	132.021	-0.304088	-1	-0.0626199	15.6259	14.2	
400.852	131.534	-0.296158	-1	-0.0484278	15.4411	14.1	
400.719	131.058	-0.301331	-1	-0.0487583	15.4231	14.1	
400.48	130.206	-0.307535	-1	-0.0500865	15.2894	14.2	
400.321	129.608	-0.296524	-1	-0.0340666	15.1223	14.4	
400.224	129.253	-0.302928	-1	-0.0370636	15.0836	14.6	
399.931	128.168	-0.299723	-1	-0.0301526	14.7647	14.4	
399.834	127.803	-0.296342	-1	-0.0237562	14.621	13.7	
399.745	127.437	-0.290791	-1	-0.0158296	14.3975	13.3	
399.453	126.33	-0.290875	-1	-0.0143301	14.2575	13.3	
399.364	125.965	-0.286925	-1	-0.00894771	13.9049	13.2	
399.204	125.355	-0.294243	-1	-0.0153712	13.844	13	
398.991	124.492	-0.275062	-1	0.00534704	13.4618	13	
398.867	123.993	-0.275472	-1	0.00440293	13.2956	12.8	
398.805	123.75	-0.278062	-1	0.00137195	13.3108	12.9	
398.538	122.642	-0.268131	-1	0.0111661	12.6758	12.4	
398.414	122.144	-0.267576	-1	0.0106042	12.5788	12.1	
398.36	121.9	-0.263746	-1	0.0133741	12.3255	12.1	
398.093	120.781	-0.251385	-1	0.0243974	12.0428	12.5	
398.004	120.405	-0.259891	-1	0.0134517	11.9801	12.4	
397.915	120.028	-0.251936	-1	0.0200617	11.7824	12.2	
397.711	119.153	-0.256431	-1	0.0135608	11.2583	12.2	
397.568	118.522	-0.250379	-1	0.0182566	10.9159	11.5	
397.479	118.145	-0.252645	-1	0.0141649	10.8288	11.3	
397.229	117.015	-0.239132	-1	0.0262613	10.0092	11.2	
397.113	116.517	-0.254342	-1	0.00842577	9.97173	11.1	
397.006	116.018	-0.247816	-1	0.014109	9.6413	10.7	
396.81	115.132	-0.251427	-1	0.00908726	9.14	10	
396.756	114.877	-0.242674	-1	0.0169306	8.81567	9.9	
396.64	114.368	-0.254929	-1	0.00298288	8.8507	9.4	
396.453	113.482	-0.250232	-1	0.00738209	8.44584	9.1	
396.31	112.839	-0.259972	-1	-0.00309607	8.32497	9.1	
396.229	112.451	-0.260509	-1	-0.00332419	8.03986	9.1	
395.988	111.31	-0.258689	-1	-0.00117173	7.5487	8.9	
395.907	110.922	-0.25766	-1	-2.54366e-05	7.35581	8.5	
395.836	110.546	-0.254519	-1	0.00311798	6.97153	8	
395.594	109.394	-0.252276	-1	0.00504951	6.64477	7.6	
395.514	109.006	-0.251857	-1	0.00496306	6.3588	7.6	
395.415	108.496	-0.249949	-1	0.00637523	6.15242	7.6	
395.2	107.466	-0.242631	-1	0.0130559	5.78004	7.1	
395.146	107.2	-0.242392	-1	0.0119892	5.69046	6.3	
394.958	106.303	-0.248736	-1	0.00444598	5.46583	6.1	
394.833	105.649	-0.242486	-1	0.0102515	5.07455	6	
394.752	105.261	-0.241525	-1	0.0101879	5.00608	5.5	
394.618	104.618	-0.237476	-1	0.0132173	4.89078	5.4	
394.42	103.577	-0.224325	-1	0.0250474	4.58199	4.6	
394.367	103.322	-0.229633	-1	0.0172345	4.59685	4.9	
394.259	102.801	-0.237274	-1	0.00786996	4.4282	5.1	
394.08	101.893	-0.232822	-1	0.0115351	4.23047	4.5	
393.946	101.239	-0.226276	-1	0.0169273	4.02337	4.5	
393.865	100.851	-0.230539	-1	0.0109714	4.0388	4.5	
393.686	99.9317	-0.224081	-1	0.0163322	3.74393	4.5	
393.551	99.2781	-0.219473	-1	0.0193067	3.62049	4.3	
393.471	98.8792	-0.219101	-1	0.0177489	3.59407	3.9	
393.246	97.7047	-0.205904	-1	0.0291708	3.37128	3.3	
393.139	97.184	-0.205578	-1	0.0265793	3.40119	3.3	
393.093	96.918	-0.20233	-1	0.0271691	3.26612	3.4	
392.914	95.9983	-0.184359	-1	0.0424237	3.14778	3.4	
392.78	95.3447	-0.186647	-1	0.0358935	3.15679	3.1	
392.699	94.9458	-0.188864	-1	0.0300874	3.05747	3.3	
392.457	93.7603	-0.182221	-1	0.0337214	3.19704	2.9	
392.35	93.2396	-0.183656	-1	0.0289142	3.11575	3.1	
392.296	92.9737	-0.183421	-1	0.0262575	3.12053	3.2	
392.063	91.7882	-0.175748	-1	0.031305	3.10958	3.2	
391.955	91.2675	-0.1748	-1	0.029122	2.98905	3.1	
391.902	91.0016	-0.17455	-1	0.0264599	3.00224	2.6	
391.731	90.0818	-0.149587	-1	0.0487775	2.90531	2.4	
391.57	89.2952	-0.145173	-1	0.0483138	3.04589	3	
391.489	88.8964	-0.151451	-1	0.0372041	2.97938	3.3	
391.274	87.8438	-0.148933	-1	0.0360015	3.05546	3.1	
391.167	87.312	-0.147255	-1	0.034079	3.42083	2.8	
391.059	86.7913	-0.140835	-1	0.0370912	3.71288	3.1	
390.952	86.2595	-0.1383	-1	0.0359173	3.82632	3.1	
390.737	85.207	-0.137256	-1	0.0333695	3.98543	3.5	
390.656	84.8081	-0.13884	-1	0.0284486	4.08845	3.6	
390.504	84.0214	-0.119677	-1	0.0447672	4.00599	3.6	
390.378	83.3677	-0.10966	-1	0.0503068	4.16869	3.6	
390.244	82.714	-0.100879	-1	0.0540579	4.31542	3.7	
390.109	82.0604	-0.101161	-1	0.0483696	4.47598	4.1	
390.002	81.5396	-0.099491	-1	0.0452028	4.59284	4.3	
389.841	80.7641	-0.0985657	-1	0.0416078	4.80955	3.8	
389.68	79.9886	-0.0957655	-1	0.0402472	4.95101	3.7	
389.608	79.6008	-0.0886467	-1	0.0433413	5.02974	3.7	
389.5	79.0801	-0.0890346	-1	0.0386192	5.23863	3.8	
389.321	78.1937	-0.0824293	-1	0.0413627	5.29207	4	
389.196	77.5622	-0.0740737	-1	0.045582	5.39049	3.9	
389.115	77.1855	-0.0755955	-1	0.039502	5.5764	4.6	
388.936	76.2992	-0.0590464	-1	0.0521009	5.6737	3.9	
388.829	75.8006	-0.061321	-1	0.0446161	5.72121	3.5	
388.73	75.302	-0.0667517	-1	0.0347238	5.84974	3.7	
388.551	74.4268	-0.0484945	-1	0.0495087	5.98915	3.7	
388.444	73.9283	-0.0586504	-1	0.0344019	6.13994	3.8	
388.318	73.3078	-0.0549702	-1	0.0346419	6.12495	4.1	
388.158	72.5656	-0.0510172	-1	0.0351308	6.39684	5.1	
388.086	72.1889	-0.0430411	-1	0.0395938	6.31139	5.4	
387.96	71.5795	-0.0465425	-1	0.032133	6.27263	5.3	
387.782	70.7154	-0.0418242	-1	0.033638	6.27116	5.3	
387.674	70.2169	-0.0529523	-1	0.0191461	6.40722	5.4	
387.522	69.4746	-0.0563014	-1	0.0138823	6.47443	6.1	
387.45	69.1089	-0.0581279	-1	0.0106676	6.41416	6.4	
387.325	68.4774	-0.0586376	-1	0.00909122	6.3297	6.6	
387.146	67.6021	-0.0686121	-1	-0.00179243	6.2418	6.1	
387.047	67.1035	-0.0665002	-1	0.000498645	6.27703	5.8	
386.895	66.3612	-0.0766299	-1	-0.00968083	6.31905	5.8	
386.823	65.9845	-0.0785686	-1	-0.0106515	6.39089	5.8	
386.698	65.3752	-0.0788443	-1	-0.00986203	6.49838	5.9	
386.527	64.4998	-0.0845614	-1	-0.0145929	6.54148	5.6	
386.402	63.8794	-0.094895	-1	-0.0234672	6.47965	6	
386.33	63.5026	-0.0836731	-1	-0.00989863	6.45365	6.1	
386.204	62.8711	-0.0864324	-1	-0.0116681	6.29599	6.1	
386.007	61.8739	-0.0897896	-1	-0.0138584	6.30458	6.2	
385.908	61.3753	-0.0904266	-1	-0.0131096	6.21831	6.3	
385.783	60.7549	-0.100727	-1	-0.0220987	6.24768	6.3	
385.684	60.2563	-0.102381	-1	-0.0215436	6.15817	6.4	
385.532	59.514	-0.10456	-1	-0.0215676	6.18288	6.4	
385.415	58.8935	-0.0975363	-1	-0.0123873	5.90838	6.3	
385.29	58.273	-0.10165	-1	-0.0152626	5.88156	6.3	
385.218	57.8963	-0.0997761	-1	-0.0118621	5.70664	5.2	
385.119	57.3977	-0.0953405	-1	-0.00624031	5.61279	4.5	
385.002	56.7772	-0.0923715	-1	-0.00264733	5.42667	5.4	
384.805	55.7911	-0.0945231	-1	-0.00453418	5.25605	5	
384.76	55.5473	-0.0876129	-1	0.00282942	5.19249	4.8	
384.59	54.672	-0.0792456	-1	0.0109139	4.99484	4.9	
384.446	53.9296	-0.0847908	-1	0.00427719	4.88131	5	
384.366	53.564	-0.0949638	-1	-0.00632351	4.89562	5	
384.249	52.9546	-0.0898126	-1	-0.000539937	4.73633	5	
384.07	52.0904	-0.0948162	-1	-0.00548957	4.71762	4.2	
383.98	51.6029	-0.0967948	-1	-0.00691915	4.5032	3.8	
383.809	50.7386	-0.0981588	-1	-0.00759131	4.52943	4.8	
383.719	50.2511	-0.0922534	-1	-0.000926773	4.34995	4.8	
383.621	49.7525	-0.100792	-1	-0.00937293	4.18492	4.3	
383.522	49.265	-0.0972383	-1	-0.00488172	4.1933	4.2	
383.406	48.6556	-0.104053	-1	-0.0112079	4.07271	4.3	
383.217	47.6694	-0.105659	-1	-0.0116931	3.87075	4.3	
383.163	47.4257	-0.108159	-1	-0.0130244	4.01107	4.2	
383.047	46.8163	-0.113992	-1	-0.0175547	3.8766	3.2	
382.849	45.8413	-0.121799	-1	-0.0236066	3.86984	3.5	
382.796	45.5976	-0.132192	-1	-0.0316384	3.96115	4	
382.679	44.9881	-0.138981	-1	-0.0352634	3.8821	3.8	
382.49	44.002	-0.135553	-1	-0.0283092	3.5873	3.9	
382.445	43.7582	-0.127665	-1	-0.0175905	3.47574	3.3	
382.32	43.1488	-0.142865	-1	-0.0310317	3.48465	3.4	
382.132	42.1738	-0.142443	-1	-0.0275062	3.42648	3.5	
382.087	41.93	-0.137445	-1	-0.0197573	3.30209	2.4	
381.961	41.3207	-0.141704	-1	-0.0220412	3.32493	2.4	
381.764	40.3457	-0.148751	-1	-0.0268842	3.49072	3.8	
381.719	40.1019	-0.149594	-1	-0.0250378	3.37464	3.4	
381.621	39.6144	-0.147249	-1	-0.02019	3.26323	3.7	
381.45	38.7502	-0.148676	-1	-0.0195975	3.19546	3.6	
381.333	38.1407	-0.144521	-1	-0.0134826	3.01624	3.5	
381.208	37.5314	-0.137957	-1	-0.00557075	2.83374	2.7	
381.091	36.922	-0.130853	-1	0.00209104	2.72892	3	
380.948	36.1796	-0.124637	-1	0.00809724	2.63299	3.5	
380.796	35.4484	-0.132477	-1	-0.000552608	2.52609	3.4	
380.751	35.2046	-0.124589	-1	0.00739066	2.41089	3.2	
380.598	34.4623	-0.126772	-1	0.00446848	2.49284	2.8	
380.455	33.731	-0.117778	-1	0.0130165	2.39386	2.6	
380.383	33.3543	-0.121318	-1	0.00817474	2.20183	2.5	
380.239	32.623	-0.109115	-1	0.0195602	2.1533	2.5	
380.114	32.0026	-0.115082	-1	0.0116372	2.16142	2.3	
379.944	31.1383	-0.108617	-1	0.0169382	2.03919	1.6	
379.845	30.6508	-0.103304	-1	0.0205577	2.13257	2.1	
379.746	30.1522	-0.103921	-1	0.0178846	2.27064	2.8	
379.567	29.2881	-0.10335	-1	0.0166676	2.22017	2.6	
379.469	28.7895	-0.100745	-1	0.0176049	2.36319	2.4	
379.424	28.5457	-0.0948948	-1	0.0216951	2.27609	2.2	
379.2	27.4267	-0.0902037	-1	0.0242167	2.36542	2.2	
379.093	26.9393	-0.0944008	-1	0.017598	2.60366	2.3	
379.047	26.6844	-0.0856458	-1	0.0245931	2.45794	2.3	
378.815	25.5654	-0.0845137	-1	0.0232659	2.76728	2.3	
378.716	25.0668	-0.0801702	-1	0.0252829	2.82905	2.3	
378.663	24.8231	-0.0849489	-1	0.0179759	3.05074	2.4	
378.438	23.7041	-0.0752922	-1	0.025835	3.14318	2.6	
378.385	23.4493	-0.0759308	-1	0.0226128	3.28297	2.7	
378.233	22.707	-0.0751329	-1	0.0211495	3.34443	2.8	
378.099	22.0866	-0.0755803	-1	0.0185872	3.66512	3	
378.027	21.7099	-0.0702372	-1	0.0220715	3.66415	2.8	
377.848	20.8346	-0.0656132	-1	0.0244884	3.64886	3	
377.714	20.2143	-0.0676675	-1	0.0199852	3.94985	3.2	
377.633	19.8376	-0.0701636	-1	0.0154906	4.09194	3.4	
377.427	18.8405	-0.0561157	-1	0.0279894	4.25006	3.8	
377.374	18.5857	-0.060597	-1	0.0207092	4.25958	4.1	
377.195	17.7104	-0.0458257	-1	0.0334095	4.25091	4.1	
377.034	16.9571	-0.0477849	-1	0.0281094	4.42809	4.2	
376.962	16.5804	-0.0418851	-1	0.0311983	4.35159	3.9	
376.801	15.8271	-0.0438637	-1	0.0260998	4.50277	4	
376.649	15.0737	-0.0285619	-1	0.0387917	4.52481	4.1	
376.568	14.697	-0.0324018	-1	0.0310726	4.71663	4.2	
376.416	13.9436	-0.0225469	-1	0.0378202	4.6963	4.4	
376.255	13.1903	-0.0258021	-1	0.030783	4.80458	4.7	
376.175	12.8136	-0.0252536	-1	0.0282532	4.95579	4.7	
375.969	11.8054	-0.0227766	-1	0.0279049	5.07482	4.8	
375.862	11.2958	-0.019988	-1	0.027903	5.15967	4.8	
375.754	10.7973	-0.0290298	-1	0.0160709	5.24748	5	
375.656	10.2987	-0.0212098	-1	0.0222838	5.24417	5.1	
375.468	9.42352	-0.0250864	-1	0.0161788	5.41051	5.1	
375.414	9.17981	-0.0267353	-1	0.012912	5.45706	5.1	
375.262	8.42642	-0.0264132	-1	0.0119429	5.41441	5.2	
375.083	7.56226	-0.0316736	-1	0.00548823	5.5517	5.2	
375.011	7.19662	-0.0261995	-1	0.0104135	5.61176	5.5	
374.859	6.45432	-0.0295563	-1	0.00601533	5.64775	5.5	
374.707	5.72312	-0.0375255	-1	-0.00255539	5.75879	5.6	
374.627	5.35756	-0.0378444	-1	-0.00261873	5.85677	5.2	
374.483	4.62629	-0.041145	-1	-0.00565747	5.84033	5.1	
374.331	3.90618	-0.037398	-1	-0.00134474	5.89082	5.2	
374.26	3.55164	-0.0429137	-1	-0.00672594	6.01655	5.4	
374.108	2.83154	-0.0517956	-1	-0.0149352	6.24289	6	
373.964	2.12246	-0.0465468	-1	-0.00819294	6.26909	6.1	
373.884	1.768	-0.0555658	-1	-0.0163926	6.46877	6.2	
373.696	0.815135	-0.049148	-1	-0.00833556	6.43574	6.3	
373.597	0.34984	-0.055452	-1	-0.013806	6.41828	6.4	
373.552	0.106054	-0.054621	-1	-0.0115944	6.30372	6.5	
373.382	-0.713781	-0.0547457	-1	-0.0105596	6.32135	6.6	
373.239	-1.42286	-0.0571436	-1	-0.0119016	6.27669	6.5	
373.167	-1.7663	-0.0587616	-1	-0.0123294	6.28807	6.5	
373.024	-2.47538	-0.0611343	-1	-0.0134692	6.30463	6.4	
372.907	-3.06261	-0.0548549	-1	-0.00584284	6.13047	6.4	
372.737	-3.88244	-0.0712275	-1	-0.0216312	6.13798	6.4	
372.648	-4.34782	-0.0586792	-1	-0.00691978	6.07159	6.3	
372.549	-4.82421	-0.0669925	-1	-0.0145411	5.97547	6.2	
372.388	-5.64412	-0.0664466	-1	-0.012541	5.86212	6.1	
372.289	-6.10942	-0.0793186	-1	-0.024159	5.94305	6	
372.244	-6.34211	-0.0745616	-1	-0.0169861	5.92983	5.9	
372.083	-7.16202	-0.0750093	-1	-0.0157352	5.71846	5.1	
371.94	-7.86	-0.0800184	-1	-0.0191707	5.7217	4.7	
371.841	-8.3253	-0.091344	-1	-0.0285793	5.91267	5.6	
371.725	-8.90142	-0.0917994	-1	-0.0261767	5.79926	5.4	
371.608	-9.48865	-0.0942629	-1	-0.0260226	5.72646	5.5	
371.537	-9.83209	-0.0948498	-1	-0.0240072	5.74253	5.6	
371.375	-10.6409	-0.0942569	-1	-0.0210136	5.69521	5.6	
371.268	-11.206	-0.095007	-1	-0.0196624	5.61446	5.6	
371.196	-11.5495	-0.0995812	-1	-0.0222703	5.60608	5.7	
371.043	-12.3472	-0.0953993	-1	-0.0158613	5.27183	5.7	
370.909	-13.0231	-0.0989087	-1	-0.0177846	5.17606	5.7	
370.801	-13.5882	-0.0948601	-1	-0.0119576	5.02737	5.6	
370.685	-14.1421	-0.0989277	-1	-0.0148294	5.0635	5.4	
370.622	-14.4746	-0.10578	-1	-0.0201987	4.87458	5.2	
370.514	-15.0286	-0.106612	-1	-0.0190107	4.7872	5.2	
370.344	-15.9039	-0.107976	-1	-0.018474	4.62583	5.1	
370.299	-16.1255	-0.103579	-1	-0.0122298	4.59353	4.9	
370.218	-16.5687	-0.106695	-1	-0.0141221	4.48453	4.8	
370.065	-17.3221	-0.114079	-1	-0.0200941	4.52013	4.7	
369.94	-17.9648	-0.121818	-1	-0.0258237	4.41479	4.5	
369.841	-18.5078	-0.110548	-1	-0.0119716	4.0549	4.5	
369.733	-19.0396	-0.118166	-1	-0.0183928	4.07486	4.5	
369.67	-19.3498	-0.122904	-1	-0.0212907	4.08891	4.3	
369.59	-19.7709	-0.123518	-1	-0.0197762	3.94582	4.2	
369.428	-20.613	-0.117228	-1	-0.0115081	3.80749	3.5	
369.374	-20.9233	-0.111197	-1	-0.00432627	3.62483	3.5	
369.212	-21.7543	-0.115038	-1	-0.00773459	3.54982	4	
369.168	-21.9537	-0.119272	-1	-0.0111953	3.6568	4	
369.069	-22.4634	-0.12442	-1	-0.0152236	3.56684	4	
368.916	-23.2834	-0.113728	-1	-0.00300938	3.44582	3.9	
368.871	-23.4828	-0.117621	-1	-0.00660123	3.52188	3.8	
368.781	-23.9814	-0.11193	-1	-0.000249994	3.31036	3.6	
368.629	-24.7792	-0.10297	-1	0.00873472	3.29448	3.5	
368.593	-24.9787	-0.09881	-1	0.012021	3.18422	3.4	
368.494	-25.4662	-0.107886	-1	0.0017434	3.17005	3.4	
368.341	-26.2529	-0.107334	-1	0.00212077	3.08153	3.2	
368.269	-26.6407	-0.090809	-1	0.0184335	3.0403	3.1	
368.153	-27.2168	-0.099715	-1	0.00768415	3.25294	3.1	
368.099	-27.5049	-0.0955424	-1	0.0110884	3.17066	3	
368.027	-27.8928	-0.0916453	-1	0.0138766	3.23846	3	
367.893	-28.5575	-0.0950458	-1	0.00908842	3.19129	3	
367.803	-29.0229	-0.0907822	-1	0.0124433	3.3141	3.1	
367.749	-29.311	-0.0908937	-1	0.0110874	3.38081	3.1	
367.623	-29.9537	-0.0806678	-1	0.0202046	3.39939	3.1	
367.533	-30.419	-0.0785053	-1	0.0203466	3.27046	3.2	
367.444	-30.8844	-0.0753562	-1	0.021461	3.32279	3.2	
367.354	-31.3387	-0.0730179	-1	0.0216532	3.35401	3.3	
367.282	-31.7043	-0.0728538	-1	0.019652	3.44135	3.4	
367.157	-32.3359	-0.0605187	-1	0.0300219	3.59568	3.4	
367.085	-32.7015	-0.0573309	-1	0.0302075	3.70185	3.4	
367.022	-33.0561	-0.0485826	-1	0.0359351	3.61613	3.1	
366.95	-33.4107	-0.0482769	-1	0.0326473	3.51373	3.3	
366.833	-34.0201	-0.0441107	-1	0.0335488	3.63181	3.4	
366.762	-34.3746	-0.0457332	-1	0.0285713	3.57311	3.5	
366.699	-34.7181	-0.0388436	-1	0.0326038	3.70184	3.6	
366.573	-35.3275	-0.0274402	-1	0.0407468	3.85766	3.6	
366.51	-35.671	-0.0224096	-1	0.0417027	3.60518	3.6	
366.394	-36.2693	-0.0142759	-1	0.0456662	3.64045	3.7	
366.322	-36.6128	-0.0119588	-1	0.0434167	3.69667	3.7	
366.286	-36.7789	-0.017479	-1	0.0335548	3.7281	3.7	
366.142	-37.5324	-0.00254768	-1	0.0451306	3.70094	3.7	
366.071	-37.8648	-0.0050062	-1	0.0381591	3.82324	3.7	
366.044	-38.0421	0.00359263	-0.996407	0.042942	3.76758	3.7	
365.963	-38.4521	0.00499065	-0.991417	0.0400458	3.495	3.7	
365.829	-39.1168	0.00953276	-0.981884	0.0405833	3.35394	3.7	
365.766	-39.4604	0.0193757	-0.962508	0.0463679	3.09461	3.6	
365.685	-39.8703	0.0213552	-0.941153	0.0437107	2.8218	3.5	
365.578	-40.3799	0.0183549	-0.922798	0.0363393	2.5691	3.3	
365.533	-40.6237	0.0260721	-0.896726	0.0404225	2.18506	3	
365.434	-41.1334	0.0323778	-0.864348	0.042686	1.7926	3	
365.335	-41.632	0.0327257	-0.831623	0.0387652	1.45384	2.6	
365.272	-41.9644	0.0396922	-0.79193	0.0418553	0.864024	2.2	
365.156	-42.5405	0.0443783	-0.747552	0.0423559	0.440265	1.7	
365.084	-42.8729	0.0397633	-0.707789	0.0335053	0.316268	2.1	
365.021	-43.2053	0.0477435	-0.660045	0.0381349	-0.27125	1.9	
364.95	-43.5376	0.0394091	-0.620636	0.025987	-0.525268	1.2	
364.833	-44.1138	0.0379133	-0.582723	0.0218925	-0.68509	0.5	
364.77	-44.4462	0.0458887	-0.536834	0.0276786	-1.33018	-0.2	
364.672	-44.9448	0.0482758	-0.488559	0.0272979	-1.52672	-0.7	
364.609	-45.2772	0.0508426	-0.437716	0.0271349	-2.05534	-0.3	
364.52	-45.6871	0.048104	-0.389612	0.0216828	-2.25581	-0.3	
364.421	-46.1746	0.0475823	-0.34203	0.0189929	-2.60223	-0.7	
364.376	-46.4073	0.0468612	-0.295168	0.0163724	-2.90441	-1.7	
364.242	-47.0609	0.0463617	-0.248807	0.0142357	-3.0372	-2.3	
364.197	-47.3047	0.0484904	-0.200316	0.0149409	-3.36639	-2.6	
364.108	-47.7035	0.0373395	-0.162977	0.00229589	-3.3636	-2.9	
363.991	-48.2574	0.0359755	-0.127001	0.000702272	-3.12799	-3.1	
363.929	-48.5787	0.0351819	-0.0918193	-0.000161581	-3.17672	-3.2	
363.866	-48.889	0.0333374	-0.0584819	-0.00198991	-3.3282	-3.2	
363.777	-49.2877	0.0225946	-0.0358874	-0.0125337	-3.06511	-3.2	
363.696	-49.6755	0.0235613	-0.0123261	-0.0103137	-2.91395	-3.3	
363.643	-49.9192	0.0148078	0.00248167	-0.0180358	-2.67827	-3.2	
363.526	-50.462	0.00373716	0.00621883	-0.0273028	-1.90228	-3.1	
363.428	-50.9273	0.00673972	0.0129586	-0.02157	-1.5148	-3	
363.383	-51.16	0.00462222	0.0175808	-0.0215305	-1.39807	-2.5	
363.249	-51.7804	0.00474924	0.02233	-0.0192504	-0.711831	-2.1	
363.196	-52.013	-0.00350504	0.018825	-0.0255797	-0.290553	-1.6	
363.142	-52.2456	-0.0107499	0.00807508	-0.0302665	0.273546	-1.1	
362.991	-52.9435	-0.0231254	-0.0150503	-0.0396154	1.43208	-1.3	
362.919	-53.2426	-0.0370576	-0.0521079	-0.049586	2.4408	-0.8	
362.892	-53.3977	-0.030492	-0.0825999	-0.0380618	2.62425	0.3	
362.741	-54.0845	-0.0408802	-0.12348	-0.0446439	4.0237	1.5	
362.669	-54.3835	-0.0522275	-0.175708	-0.0515268	5.13528	2.4	
362.607	-54.6827	-0.0573892	-0.233097	-0.0515358	5.74998	3.5	
362.5	-55.1368	-0.0666562	-0.299753	-0.0556492	7.06658	4.3	
362.455	-55.3584	-0.0602316	-0.359985	-0.0436597	7.84118	5	
362.384	-55.6574	-0.0754388	-0.435423	-0.0545009	8.93335	6.1	
362.233	-56.322	-0.0886671	-0.524091	-0.0622791	10.6375	7	
362.188	-56.5436	-0.0835836	-0.607674	-0.0509677	11.4752	7.9	
362.134	-56.7651	-0.0934719	-0.701146	-0.0557592	12.881	9.1	
362.054	-57.1307	-0.0992071	-0.800353	-0.0559185	14.0343	10.3	
361.929	-57.7067	-0.101393	-0.901747	-0.052513	15.0451	11.6	
361.894	-57.8507	-0.109744	-1	-0.0556123	16.3497	12.6	
361.751	-58.4932	-0.119151	-1	-0.0594585	16.1644	13.7	
361.688	-58.7812	-0.121933	-1	-0.0562943	15.7939	14.9	
361.661	-58.9142	-0.117435	-1	-0.0461665	15.5913	15.2	
361.554	-59.4127	-0.12206	-1	-0.0461755	14.8624	15.7	
361.465	-59.8448	-0.125902	-1	-0.0453997	14.1577	15.7	
361.411	-60.0663	-0.127823	-1	-0.0427809	13.8442	15.5	
361.313	-60.5649	-0.131048	-1	-0.0417272	12.9059	15	
361.259	-60.7864	-0.13262	-1	-0.039127	12.6988	14.1	
361.134	-61.3735	-0.139232	-1	-0.0418264	11.8792	12.6	
361.107	-61.5176	-0.132458	-1	-0.030869	11.5533	12.6	
361.036	-61.8166	-0.14046	-1	-0.0357848	11.4506	12.6	
360.929	-62.3373	-0.140392	-1	-0.0321376	10.5514	12.5	
360.848	-62.7251	-0.145337	-1	-0.0338698	10.0415	12.3	
360.758	-63.1905	-0.139962	-1	-0.025107	9.2538	11.1	
360.678	-63.5893	-0.136278	-1	-0.0189129	8.86374	10.3	
360.633	-63.822	-0.133913	-1	-0.0146566	8.47198	10.2	
360.552	-64.2209	-0.12712	-1	-0.00639758	8.07273	9.3	
360.426	-64.8746	-0.117826	-1	0.00353614	7.25415	9.2	
360.355	-65.1958	-0.132045	-1	-0.011036	7.33121	9	
360.248	-65.6944	-0.12931	-1	-0.00719787	6.83447	8.1	
360.194	-65.9381	-0.134745	-1	-0.011913	6.79194	7.9	
360.131	-66.2816	-0.133843	-1	-0.00982029	6.39067	7.5	
360.042	-66.7137	-0.127351	-1	-0.00234587	6.11677	7.2	
359.907	-67.4117	-0.118087	-1	0.00715302	5.35638	6.8	
359.871	-67.589	-0.122168	-1	0.00235688	5.17912	6.6	
359.8	-67.9435	-0.116664	-1	0.00762481	4.88348	6	
359.638	-68.7745	-0.10947	-1	0.0140565	4.27515	5.5	
359.566	-69.1513	-0.103391	-1	0.0187294	3.99407	5	
359.53	-69.3397	-0.096397	-1	0.0238507	3.96904	4.8	
359.396	-70.0044	-0.0956547	-1	0.022208	3.71511	4.5	
359.279	-70.5805	-0.10127	-1	0.0143722	3.53333	4.3	
359.225	-70.8797	-0.094386	-1	0.0198186	3.31259	3.9	
359.073	-71.6664	-0.0853178	-1	0.026905	2.92726	3.7	
358.992	-72.0764	-0.0810362	-1	0.0284961	2.79148	3.5	
358.956	-72.2759	-0.0820145	-1	0.0246682	2.78557	3.2	
358.857	-72.7856	-0.0761328	-1	0.0280831	2.47336	3.1	
358.696	-73.6166	-0.0644572	-1	0.0369503	2.45282	2.8	
358.651	-73.8271	-0.064161	-1	0.0335515	2.44089	2.7	
358.471	-74.7689	-0.0529482	-1	0.0414092	2.28841	2.6	
358.426	-74.9794	-0.0536396	-1	0.0365768	2.2754	2.5	
358.301	-75.6109	-0.0570803	-1	0.0294784	2.49502	2.4	
358.202	-76.1539	-0.0484731	-1	0.0351378	2.19289	2.4	
358.13	-76.4752	-0.0507805	-1	0.0293166	2.2916	2.3	
357.987	-77.2286	-0.0455855	-1	0.03158	2.35437	1.6	
357.861	-77.8824	-0.0394188	-1	0.0345886	2.34849	1.9	
357.798	-78.2148	-0.0344142	-1	0.0361344	2.45171	2.5	
357.664	-78.8685	-0.0435533	-1	0.0233819	2.55282	2.5	
357.538	-79.5222	-0.0383723	-1	0.0262247	2.46319	2.5	
357.467	-79.8545	-0.0340042	-1	0.0279703	2.64314	2.5	
357.341	-80.5194	-0.0268715	-1	0.032306	2.60264	2.5	
357.233	-81.0734	-0.0294087	-1	0.0265382	2.78109	2.5	
357.17	-81.4058	-0.0266011	-1	0.0266919	2.64955	2.6	
356.964	-82.414	-0.0256911	-1	0.0249327	2.80728	2.6	
356.874	-82.8683	-0.0185422	-1	0.0295884	2.82347	2.6	
356.785	-83.3226	-0.0189873	-1	0.0261845	2.94309	2.6	
356.668	-83.8987	-0.0126007	-1	0.0299526	3.02949	2.4	
356.552	-84.4637	-0.0201872	-1	0.0193709	3.16559	2.7	
356.391	-85.2725	-0.0111656	-1	0.0264553	3.34463	3	
356.346	-85.5052	-0.0110672	-1	0.0239082	3.245	3.1	
356.256	-85.9706	-0.00602579	-1	0.0265588	3.27075	3.1	
356.139	-86.5467	-0.0016438	-1	0.0282849	3.47181	3.2	
355.951	-87.4885	0.00293152	-0.997068	0.0300317	3.74282	3.2	
355.861	-87.965	0.00888644	-0.988182	0.0329835	3.49295	3.3	
355.736	-88.5521	0.00770588	-0.980476	0.0285046	3.62748	3.4	
355.593	-89.2723	0.00976485	-0.970711	0.0277131	3.55664	3.4	
355.521	-89.6268	0.00806872	-0.962643	0.0232456	3.57857	3.5	
355.324	-90.5796	-0.000220411	-0.962863	0.012632	3.68972	3.5	
355.226	-91.0671	0.0035757	-0.959287	0.0151649	3.73038	3.5	
355.181	-91.3109	0.0167371	-0.94255	0.0268098	3.50897	3.5	
355.082	-91.7873	0.0122287	-0.930321	0.0196204	3.57426	3.5	
354.867	-92.8731	0.010927	-0.919394	0.0163566	3.49798	3.5	
354.768	-93.3606	0.010728	-0.908666	0.014522	3.35409	3.5	
354.643	-93.9699	0.0126285	-0.896038	0.0149703	3.2499	3.5	
354.499	-94.7012	0.00679379	-0.889244	0.00763855	3.21704	3.5	
354.419	-95.0668	0.00868409	-0.88056	0.00876499	3.24366	3.5	
354.222	-96.0418	0.00751319	-0.873047	0.00671759	3.15586	3.1	
354.123	-96.5404	0.0110244	-0.862022	0.00955707	3.05252	3.1	
354.025	-97.0279	0.00109556	-0.860927	-0.00132751	3.06981	2.7	
353.854	-97.881	0.00555625	-0.855371	0.00326593	3.03705	2.9	
353.809	-98.1248	0.00966913	-0.845702	0.00705222	2.90502	3.6	
353.711	-98.6123	0.0060035	-0.839698	0.00268137	2.87595	3.4	
353.478	-99.709	-0.0104854	-0.850183	-0.0140756	3.18319	3	
353.407	-100.075	-0.00348795	-0.853671	-0.00567065	3.22652	2.7	
353.335	-100.451	-0.00531607	-0.858987	-0.00693171	3.28612	2.8	
353.209	-101.061	-0.00962382	-0.868611	-0.0105463	3.45508	3.2	
353.004	-102.047	-0.0235755	-0.892187	-0.0234434	3.63632	3	
352.905	-102.534	-0.0260575	-0.918244	-0.023581	3.8263	3	
352.78	-103.155	-0.0276223	-0.945867	-0.0227877	4.15539	3.1	
352.627	-103.897	-0.0397174	-0.985584	-0.0326041	4.56136	3.2	
352.502	-104.506	-0.0480154	-1	-0.0376417	4.72922	3.6	
352.377	-105.127	-0.0477367	-1	-0.0335988	4.79291	4.1	
352.296	-105.503	-0.0632544	-1	-0.0457566	4.87557	4.2	
352.09	-106.501	-0.0690659	-1	-0.0469925	4.91022	4.4	
352.045	-106.744	-0.0709764	-1	-0.0442037	4.81033	4.5	
351.911	-107.376	-0.0759647	-1	-0.0447716	4.83415	4.8	
351.705	-108.373	-0.0872461	-1	-0.0515758	5.03551	4.3	
351.652	-108.617	-0.0904442	-1	-0.0496163	5.06122	4.2	
351.473	-109.503	-0.0910858	-1	-0.0452963	5.13545	4.3	
351.347	-110.123	-0.0985028	-1	-0.0481837	5.0286	4.4	
351.267	-110.5	-0.0988026	-1	-0.0436652	5.12089	4.7	
351.088	-111.386	-0.102225	-1	-0.0427206	5.19018	4.9	
350.954	-112.018	-0.102505	-1	-0.0387294	5.19582	5	
350.82	-112.649	-0.118183	-1	-0.0505338	5.29983	5.1	
350.694	-113.281	-0.110197	-1	-0.037495	5.35043	5.1	
350.587	-113.779	-0.112334	-1	-0.0358819	5.40768	5.2	
350.434	-114.544	-0.109912	-1	-0.0298715	5.25624	5.2	
350.3	-115.186	-0.109013	-1	-0.0259856	5.41459	5.3	
350.175	-115.818	-0.102817	-1	-0.017191	5.27451	5.4	
350.094	-116.206	-0.10542	-1	-0.0180747	5.29383	5.4	
349.987	-116.715	-0.106843	-1	-0.0176905	5.45074	5.4	
349.762	-117.868	-0.0955576	-1	-0.00463618	5.15446	5.4	
349.655	-118.377	-0.0959163	-1	-0.0045313	5.29691	5.4	
349.575	-118.765	-0.0975802	-1	-0.00574209	5.23766	5.3	
349.422	-119.541	-0.0890433	-1	0.0033691	5.16194	5.3	
349.261	-120.305	-0.095302	-1	-0.00322657	5.22492	5.2	
349.109	-121.081	-0.0846589	-1	0.00773926	5.18468	5.2	
349.001	-121.59	-0.087031	-1	0.00459319	5.24389	5.2	
348.948	-121.845	-0.0909664	-1	0.000198461	5.25736	5.2	
348.849	-122.366	-0.0785573	-1	0.0125877	5.10532	5.2	
348.634	-123.396	-0.0885418	-1	0.00134443	5.18055	5.2	
348.562	-123.784	-0.0806914	-1	0.0090604	5.08518	5.2	
348.347	-124.814	-0.0872252	-1	0.00162054	5.22317	5.1	
348.302	-125.069	-0.0717263	-1	0.0169575	5.01783	5.1	
348.114	-125.967	-0.0807346	-1	0.0062534	5.26386	5.1	
347.962	-126.731	-0.0871209	-1	-0.000758326	5.16014	5.1	
347.89	-127.119	-0.0790407	-1	0.00739776	5.04875	5.1	
347.756	-127.762	-0.0851748	-1	0.000523888	5.29077	5.1	
347.585	-128.648	-0.0837299	-1	0.00191644	5.14447	5.1	
347.46	-129.279	-0.0815554	-1	0.00389929	5.10268	5.1	
347.379	-129.656	-0.0895352	-1	-0.00447045	5.3133	5.1	
347.254	-130.288	-0.0901397	-1	-0.00462798	5.3311	5.1	
347.048	-131.296	-0.100521	-1	-0.0145464	5.45277	5.1	
347.003	-131.551	-0.0907932	-1	-0.00336404	5.30554	5.1	
346.877	-132.171	-0.0964214	-1	-0.00865576	5.42261	5.3	
346.68	-133.168	-0.0940254	-1	-0.0053942	5.31851	5.3	
346.635	-133.412	-0.0945035	-1	-0.00533291	5.26852	5.4	
346.509	-134.033	-0.100221	-1	-0.0105173	5.26508	5.4	
346.312	-135.019	-0.10434	-1	-0.0135839	5.22843	5.4	
346.267	-135.263	-0.10161	-1	-0.00949616	5.23685	5.3	
346.169	-135.761	-0.0999956	-1	-0.00693192	5.15608	5.3	
345.998	-136.614	-0.106217	-1	-0.01246	5.05961	5.3	
345.881	-137.235	-0.0992994	-1	-0.00429654	4.77733	5.3	
345.738	-137.966	-0.0998348	-1	-0.00440227	4.69364	5.2	
345.639	-138.465	-0.101433	-1	-0.00556054	4.58113	5.1	
345.496	-139.196	-0.104892	-1	-0.008463	4.50617	4.9	
345.379	-139.816	-0.0999131	-1	-0.00263808	4.25077	4.7	
345.307	-140.182	-0.0977561	-1	-0.000217204	4.25805	4.5	
345.136	-141.057	-0.0952831	-1	0.0022775	4.00891	4.4	
345.011	-141.678	-0.102741	-1	-0.00540774	3.92062	4.4	
344.867	-142.42	-0.0943408	-1	0.00353277	3.80799	4.2	
344.769	-142.919	-0.0960189	-1	0.00150143	3.69075	4	
344.679	-143.417	-0.0902495	-1	0.00712066	3.48586	3.8	
344.553	-144.049	-0.0916431	-1	0.00501507	3.28301	3.7	
344.481	-144.426	-0.083697	-1	0.0124596	3.18616	3.6	
344.284	-145.434	-0.0900192	-1	0.00489142	3.01617	3.4	
344.23	-145.678	-0.0915716	-1	0.00284996	3.0769	3.1	
344.006	-146.819	-0.101795	-1	-0.00765811	3.01879	3.1	
343.907	-147.318	-0.0954241	-1	-0.00052179	2.90198	3.1	
343.808	-147.827	-0.0952341	-1	-0.000279628	2.75537	3	
343.71	-148.337	-0.0930743	-1	0.00190818	2.68018	2.9	
343.557	-149.09	-0.0972228	-1	-0.00243111	2.70422	2.8	
343.485	-149.478	-0.0972308	-1	-0.00219606	2.60128	2.8	
343.333	-150.232	-0.0994154	-1	-0.00416105	2.62668	2.7	
343.154	-151.129	-0.0988085	-1	-0.00313801	2.50014	2.6	
343.028	-151.761	-0.101375	-1	-0.00539063	2.52297	2.6	
342.956	-152.137	-0.10309	-1	-0.00656655	2.48843	2.5	
342.831	-152.78	-0.102795	-1	-0.00561476	2.45801	2.5	
342.678	-153.533	-0.10716	-1	-0.00941833	2.54201	2.5	
342.526	-154.298	-0.108481	-1	-0.00979776	2.63133	2.4	
342.427	-154.808	-0.0978757	-1	0.00178738	2.53704	2.4	
342.275	-155.572	-0.101779	-1	-0.00229506	2.60277	2.4	
342.203	-155.949	-0.0958444	-1	0.00386943	2.6189	2.4	
342.069	-156.591	-0.0985359	-1	0.000791011	2.71966	2.4	
341.889	-157.489	-0.0930364	-1	0.00621143	2.9182	2.5	
341.791	-157.998	-0.0936511	-1	0.00497553	2.85072	2.6	
341.611	-158.885	-0.0935416	-1	0.00458752	3.16543	2.7	
341.504	-159.406	-0.095204	-1	0.00246631	3.24477	2.8	
341.379	-160.037	-0.0968322	-1	0.000591517	3.43509	3	
341.253	-160.68	-0.0905112	-1	0.00685335	3.49111	3.1	
341.1	-161.455	-0.082244	-1	0.0144352	3.4036	3.4	
341.02	-161.832	-0.085796	-1	0.00943975	3.49634	3.3	
340.921	-162.353	-0.0677592	-1	0.0265325	3.49401	3.3	
340.787	-162.984	-0.0730183	-1	0.0186202	3.63385	3.4	
340.581	-164.015	-0.0642998	-1	0.0254766	3.71483	3.1	
340.527	-164.269	-0.0649808	-1	0.022248	3.77169	3.4	
340.393	-164.912	-0.0663046	-1	0.0186994	4.02596	3.6	
340.187	-165.931	-0.0625224	-1	0.0206116	3.98983	3.8	
340.133	-166.197	-0.0662035	-1	0.0148694	3.92712	3.8	
340.026	-166.707	-0.0538364	-1	0.0257495	4.13402	3.9	
339.847	-167.604	-0.0491719	-1	0.0278391	4.09303	3.9	
339.721	-168.236	-0.0450071	-1	0.02922	4.02006	3.7	
339.614	-168.757	-0.0444815	-1	0.0268236	4.0723	3.9	
339.399	-169.776	-0.0382418	-1	0.0303809	4.14572	4	
339.354	-170.031	-0.0315536	-1	0.0340311	4.03169	4	
339.246	-170.551	-0.0278527	-1	0.0343289	4.07102	4	
339.005	-171.704	-0.0335245	-1	0.0252241	4.1904	4	
338.906	-172.213	-0.0275161	-1	0.0287101	3.98971	4	
338.852	-172.479	-0.0292458	-1	0.0241094	3.98517	4.1	
338.611	-173.631	-0.0288067	-1	0.0221376	3.99033	4	
338.53	-174.019	-0.0291909	-1	0.0195397	4.03452	4	
338.396	-174.662	-0.0344997	-1	0.0122768	4.07706	4	
338.271	-175.304	-0.0332365	-1	0.0123124	3.94896	4	
338.11	-176.08	-0.0354255	-1	0.00889211	3.9813	4	
338.029	-176.468	-0.0367814	-1	0.00664699	3.86881	3.9	
337.903	-177.11	-0.0306609	-1	0.0121029	3.78292	3.9	
337.715	-178.019	-0.0405941	-1	0.000959313	4.01389	3.8	
337.608	-178.528	-0.0487624	-1	-0.00730494	4.08287	3.7	
337.501	-179.049	-0.0511234	-1	-0.00893544	4.15324	3.8	
337.321	-179.946	-0.0537214	-1	-0.0106399	4.12843	3.8	
337.214	-180.467	-0.0620585	-1	-0.017913	4.20724	3.8	
337.08	-181.11	-0.067083	-1	-0.0211461	4.30684	4	
336.892	-182.018	-0.0780178	-1	-0.0299664	4.43626	4.1	
336.838	-182.284	-0.0777974	-1	-0.0267493	4.46286	4.2	
336.677	-183.06	-0.0798148	-1	-0.0260918	4.55339	4.2	
336.551	-183.713	-0.0816551	-1	-0.0253229	4.52214	4.3	
336.471	-184.101	-0.0812408	-1	-0.0223764	4.56626	4.4	
336.337	-184.744	-0.0856009	-1	-0.0244988	4.62281	4.4	
336.122	-185.785	-0.0980392	-1	-0.0344873	4.82095	4.4	
336.068	-186.051	-0.0942063	-1	-0.0272056	4.84094	4.5	
335.88	-186.959	-0.10196	-1	-0.032239	4.91457	4.6	
335.719	-187.735	-0.103186	-1	-0.0302406	5.0143	4.4	
335.612	-188.256	-0.103673	-1	-0.0277035	5.17998	4.4	
335.423	-189.175	-0.107677	-1	-0.0289375	5.29109	4.5	
335.37	-189.441	-0.105632	-1	-0.0239982	5.30553	4.8	
335.209	-190.217	-0.111702	-1	-0.027669	5.36315	5.1	
335.074	-190.881	-0.101236	-1	-0.0144362	5.32446	5.2	
334.913	-191.668	-0.106317	-1	-0.0180731	5.29738	5.4	
334.833	-192.056	-0.0981611	-1	-0.0081101	5.30028	5.4	
334.671	-192.842	-0.100424	-1	-0.00956198	5.27472	5.4	
334.51	-193.629	-0.0956863	-1	-0.0038681	5.09965	5.4	
334.403	-194.15	-0.0981935	-1	-0.00598853	5.10796	4.8	
334.223	-195.069	-0.0809942	-1	0.0118097	5.03367	4.5	
334.143	-195.468	-0.0806632	-1	0.0109597	5.02364	4.9	
334.062	-195.867	-0.0832387	-1	0.00728826	5.01914	5	
333.874	-196.787	-0.0831078	-1	0.0066903	4.97079	5.1	
333.713	-197.573	-0.0887059	-1	0.000423199	4.96461	4.8	
333.632	-197.972	-0.0783182	-1	0.0107686	4.92167	4.9	
333.471	-198.77	-0.0828534	-1	0.00515655	4.8273	4.9	
333.337	-199.424	-0.0840495	-1	0.00344477	4.83891	4.9	
333.229	-199.955	-0.0866021	-1	0.00054768	4.78526	4.9	
333.014	-201.008	-0.0896508	-1	-0.0025558	4.85101	4.9	
332.96	-201.274	-0.0940218	-1	-0.00667121	4.84731	4.9	
332.826	-201.939	-0.0921793	-1	-0.00416162	4.75855	4.8	
332.62	-203.002	-0.0877041	-1	0.000729793	4.51797	4.8	
332.566	-203.257	-0.0870448	-1	0.00131604	4.53004	4.8	
332.458	-203.789	-0.0895828	-1	-0.00135354	4.487	4.7	
332.27	-204.719	-0.102037	-1	-0.0136728	4.56067	4.6	
332.136	-205.384	-0.10109	-1	-0.0113584	4.53139	4.5	
331.974	-206.193	-0.103896	-1	-0.0130283	4.44518	4.5	
331.84	-206.858	-0.116191	-1	-0.0240201	4.4454	4.5	
331.759	-207.257	-0.115861	-1	-0.0212879	4.43685	4.4	
331.625	-207.921	-0.120283	-1	-0.0235812	4.42955	4.4	
331.41	-208.996	-0.121295	-1	-0.0222359	4.32267	4.4	
331.356	-209.262	-0.124051	-1	-0.0227682	4.31139	3.8	
331.249	-209.794	-0.125604	-1	-0.0220442	4.43955	3.5	
331.007	-211.002	-0.127686	-1	-0.0219216	4.55677	3.9	
330.926	-211.412	-0.127438	-1	-0.019481	4.51743	4.3	
330.845	-211.81	-0.129108	-1	-0.0192034	4.53889	4.7	
330.603	-213.018	-0.123306	-1	-0.0114813	4.34956	4.7	
330.504	-213.561	-0.123367	-1	-0.0103936	4.20891	4.7	
330.45	-213.827	-0.123147	-1	-0.00913456	4.20134	4.6	
330.208	-215.046	-0.12111	-1	-0.00618372	4.11832	4.5	
330.154	-215.312	-0.12089	-1	-0.00534544	4.03263	4.4	
330.047	-215.855	-0.11952	-1	-0.00344169	4.00012	4.4	
329.805	-217.062	-0.1156	-1	0.00082292	4.01547	4.3	
329.724	-217.472	-0.113177	-1	0.00316343	3.90817	4.2	
329.643	-217.871	-0.112846	-1	0.00317801	3.94748	3.9	
329.401	-219.079	-0.10752	-1	0.00818634	4.04096	3.9	
329.294	-219.61	-0.113357	-1	0.00153111	4.13783	3.9	
329.24	-219.876	-0.117914	-1	-0.00317881	4.06686	3.9	
329.106	-220.541	-0.116345	-1	-0.00129276	3.99211	3.9	
328.899	-221.594	-0.107933	-1	0.00724933	4.01747	3.4	
328.846	-221.86	-0.10771	-1	0.00674701	4.03496	3.2	
328.604	-223.034	-0.107079	-1	0.00670321	4.20716	3.8	
328.497	-223.555	-0.119938	-1	-0.00682615	4.21988	4	
328.451	-223.821	-0.110012	-1	0.00378311	4.00162	4.1	
328.263	-224.729	-0.109651	-1	0.00376534	4.19108	4.2	
328.111	-225.505	-0.108881	-1	0.00415867	4.10596	4.2	
328.03	-225.893	-0.11048	-1	0.00214374	4.17549	4.2	
327.923	-226.413	-0.112952	-1	-0.000542679	4.20138	4.3	
327.717	-227.444	-0.110236	-1	0.0022277	4.10804	4.2	
327.609	-227.953	-0.11164	-1	0.000601498	4.12686	3.7	
327.475	-228.607	-0.113997	-1	-0.00181636	4.18743	3.6	
327.323	-229.383	-0.119638	-1	-0.00727532	4.26193	3.7	
327.215	-229.892	-0.12405	-1	-0.0109595	4.28357	3.8	
327.036	-230.812	-0.117597	-1	-0.00341103	4.26739	3.8	
326.928	-231.332	-0.119099	-1	-0.00457209	4.33909	4	
326.821	-231.853	-0.114757	-1	0.000227052	4.34739	4.1	
326.687	-232.507	-0.11824	-1	-0.00327884	4.52986	4.2	
326.552	-233.161	-0.124714	-1	-0.00942495	4.48182	4.3	
326.472	-233.548	-0.126082	-1	-0.00985029	4.68902	4.3	
326.23	-234.745	-0.121275	-1	-0.00405827	4.76432	4.4	
326.149	-235.144	-0.123952	-1	-0.00632953	4.79727	4.5	
326.069	-235.543	-0.125646	-1	-0.00739068	4.8447	4.5	
325.827	-236.739	-0.122853	-1	-0.00385862	4.89531	4.8	
325.719	-237.271	-0.126537	-1	-0.00715663	4.87751	4.8	
325.665	-237.548	-0.127389	-1	-0.00729279	4.90573	4.7	
325.477	-238.49	-0.122869	-1	-0.00204347	4.96922	4.2	
325.316	-239.299	-0.107416	-1	0.0136139	4.84383	4.1	
325.2	-239.83	-0.119439	-1	0.000229149	5.05561	4.6	
325.011	-240.783	-0.117108	-1	0.00253798	5.02999	4.7	
324.922	-241.193	-0.117343	-1	0.00204846	5.12589	4.8	
324.841	-241.603	-0.110269	-1	0.0089182	5.00972	5	
324.68	-242.423	-0.0960565	-1	0.0222388	4.90727	5.2	
324.483	-243.376	-0.10121	-1	0.0148614	4.75569	5.2	
324.375	-243.93	-0.0949141	-1	0.0196711	4.59371	4.7	
324.232	-244.617	-0.0972834	-1	0.0153347	4.67887	4.5	
324.07	-245.448	-0.0930299	-1	0.0180548	4.43859	4.6	
323.981	-245.857	-0.0941658	-1	0.0151133	4.48557	4.7	
323.847	-246.544	-0.0903619	-1	0.0174059	4.37598	4.7	
323.649	-247.519	-0.0856044	-1	0.0204228	4.09129	4.7	
323.515	-248.206	-0.0813592	-1	0.0226257	3.90581	4.1	
323.425	-248.627	-0.0893327	-1	0.0123897	3.87454	4.2	
323.228	-249.602	-0.0950503	-1	0.00543311	3.76309	4.3	
323.121	-250.167	-0.0889989	-1	0.0109412	3.60029	4.3	
323.004	-250.721	-0.0926059	-1	0.00624006	3.50675	4.2	
322.807	-251.707	-0.0945068	-1	0.00371519	3.2713	3.9	
322.699	-252.273	-0.0965016	-1	0.00134888	3.15745	3.7	
322.529	-253.115	-0.103015	-1	-0.00529993	3.02384	3.5	
322.44	-253.536	-0.113275	-1	-0.0150296	2.99749	3.3	
322.296	-254.245	-0.114384	-1	-0.0146359	2.93515	3.1	
322.099	-255.242	-0.119084	-1	-0.0178723	2.80858	3	
321.956	-255.951	-0.122455	-1	-0.0194552	2.75967	3	
321.866	-256.372	-0.132575	-1	-0.02763	2.80877	2.9	
321.723	-257.081	-0.137088	-1	-0.0293798	2.76362	2.8	
321.498	-258.222	-0.131735	-1	-0.0210896	2.64325	2.8	
321.382	-258.798	-0.142073	-1	-0.0293181	2.64887	2.7	
321.23	-259.507	-0.148079	-1	-0.0323929	2.69656	2.1	
321.114	-260.083	-0.15057	-1	-0.0316443	2.76186	2.6	
320.935	-260.948	-0.152636	-1	-0.0305461	2.88303	3	
320.818	-261.524	-0.156164	-1	-0.0310192	2.87298	2.9	
320.612	-262.532	-0.153596	-1	-0.0253489	2.87771	2.8	
320.496	-263.108	-0.147207	-1	-0.0164257	2.80443	2.8	
320.379	-263.684	-0.150768	-1	-0.0183433	2.89094	2.8	
320.227	-264.404	-0.15487	-1	-0.0206113	3.03331	2.4	
320.048	-265.28	-0.149984	-1	-0.0136641	3.1299	2.8	
319.959	-265.723	-0.150507	-1	-0.0128203	3.11304	3.1	
319.771	-266.598	-0.154232	-1	-0.0152636	3.24052	3.1	
319.592	-267.473	-0.142785	-1	-0.00229073	3.30408	3.1	
319.502	-267.916	-0.142964	-1	-0.00223993	3.21309	3.1	
319.341	-268.658	-0.139133	-1	0.00181446	3.45463	2.9	
319.127	-269.7	-0.132523	-1	0.00824286	3.49712	3.2	
318.974	-270.442	-0.133286	-1	0.00665576	3.60773	3.2	
318.876	-270.885	-0.135471	-1	0.00380537	3.76123	3.2	
318.661	-271.927	-0.114589	-1	0.0243068	3.89304	3.3	
318.509	-272.68	-0.116309	-1	0.0201566	3.85386	3.5	
318.348	-273.422	-0.117285	-1	0.0171645	4.01481	3.6	
318.187	-274.176	-0.108533	-1	0.0241997	4.24302	3.7	
318.062	-274.774	-0.109851	-1	0.0204624	4.29178	3.8	
317.874	-275.671	-0.102986	-1	0.0252807	4.45695	3.9	
317.686	-276.58	-0.0983994	-1	0.0273394	4.53063	4	
317.526	-277.333	-0.106095	-1	0.0169093	4.61947	4.2	
317.373	-278.086	-0.091257	-1	0.0300569	4.56023	4.4	
317.239	-278.685	-0.105844	-1	0.012464	4.8354	4.4	
317.114	-279.294	-0.0995526	-1	0.0175092	4.85018	4.4	
316.926	-280.202	-0.0947609	-1	0.02055	5.09343	4.5	
316.738	-281.111	-0.0953536	-1	0.0179023	5.12876	4.7	
316.64	-281.565	-0.0945926	-1	0.016873	5.09118	4.8	
316.506	-282.174	-0.10667	-1	0.00310811	5.30835	4.8	
316.381	-282.784	-0.100196	-1	0.00927113	5.29365	4.9	
316.157	-283.858	-0.106925	-1	0.00161567	5.3669	5	
315.996	-284.623	-0.114041	-1	-0.00566228	5.44735	4.8	
315.898	-285.088	-0.110809	-1	-0.00186397	5.4101	4.4	
315.611	-286.473	-0.117234	-1	-0.00810213	5.59891	4.6	
315.477	-287.082	-0.126385	-1	-0.0164434	5.68096	4.9	
315.415	-287.392	-0.117423	-1	-0.00583677	5.6535	5.4	
315.12	-288.788	-0.132625	-1	-0.0204556	5.70828	5.7	
314.994	-289.409	-0.127327	-1	-0.0131118	5.61767	5.8	
314.86	-290.029	-0.135468	-1	-0.0199419	5.65446	5.8	
314.726	-290.638	-0.149452	-1	-0.0319316	5.74687	5.8	
314.494	-291.724	-0.15613	-1	-0.0354158	5.68701	5.8	
314.36	-292.344	-0.168259	-1	-0.0440034	5.64105	5.4	
314.172	-293.286	-0.163867	-1	-0.0352114	5.36613	4.8	
314.073	-293.751	-0.167311	-1	-0.035134	5.38361	5.1	
313.877	-294.693	-0.171307	-1	-0.0356165	5.40136	5.4	
313.68	-295.635	-0.177347	-1	-0.038095	5.41091	5.5	
313.546	-296.266	-0.18411	-1	-0.0410484	5.40496	5.6	
313.42	-296.898	-0.179615	-1	-0.0324491	5.2237	5.7	
313.188	-298.006	-0.193427	-1	-0.043016	5.19035	5.6	
313.053	-298.637	-0.201885	-1	-0.047172	5.17086	5.6	
312.821	-299.745	-0.215572	-1	-0.0561417	5.12253	5.5	
312.687	-300.376	-0.230852	-1	-0.0658084	5.24764	5.4	
312.49	-301.329	-0.235971	-1	-0.0643459	5.1648	5.2	
312.364	-301.972	-0.229875	-1	-0.0518155	4.9757	5.2	
312.266	-302.448	-0.233343	-1	-0.0501019	4.95303	5.2	
311.997	-303.733	-0.237965	-1	-0.0497133	4.91697	5.1	
311.935	-304.055	-0.239759	-1	-0.0465366	4.94775	5	
311.8	-304.708	-0.241158	-1	-0.0432815	4.93974	5	
311.505	-306.16	-0.247909	-1	-0.0457046	4.82255	4.9	
311.442	-306.481	-0.238826	-1	-0.0320508	4.74517	4.9	
311.245	-307.456	-0.238113	-1	-0.0281325	4.72436	4.9	
311.075	-308.265	-0.244982	-1	-0.0321887	4.77268	4.9	
310.976	-308.752	-0.251382	-1	-0.0353703	4.79279	4.9	
310.743	-309.893	-0.24849	-1	-0.0289411	4.81595	4.9	
310.582	-310.713	-0.242134	-1	-0.0196905	4.61088	4.8	
310.448	-311.356	-0.242385	-1	-0.0179731	4.67628	4.8	
310.188	-312.663	-0.230662	-1	-0.00445223	4.47462	4.7	
310.116	-312.996	-0.24019	-1	-0.0135351	4.56029	4.6	
309.883	-314.137	-0.231121	-1	-0.00311234	4.54438	4.5	
309.758	-314.791	-0.225062	-1	0.00325805	4.45008	4.5	
309.561	-315.766	-0.233291	-1	-0.0052968	4.42475	3.8	
309.426	-316.419	-0.230578	-1	-0.00205445	4.41255	3.9	
309.256	-317.239	-0.226659	-1	0.00207036	4.49893	4.2	
309.095	-318.048	-0.226234	-1	0.00228837	4.57569	4.1	
308.925	-318.868	-0.228311	-1	-1.79518e-05	4.61171	4.2	
308.763	-319.688	-0.221962	-1	0.00633248	4.51691	4.3	
308.566	-320.663	-0.221119	-1	0.00654283	4.52841	3.8	
308.468	-321.15	-0.21876	-1	0.0082471	4.54653	3.7	
308.271	-322.125	-0.219057	-1	0.00712524	4.61531	4.2	
308.073	-323.111	-0.212423	-1	0.0130472	4.62309	4.3	
307.975	-323.599	-0.210121	-1	0.0140446	4.63892	4.5	
307.778	-324.574	-0.218251	-1	0.00450983	4.59515	4.7	
307.572	-325.56	-0.22004	-1	0.00227003	4.63506	4.7	
307.446	-326.213	-0.213981	-1	0.00810206	4.54656	4.7	
307.312	-326.856	-0.217291	-1	0.00398196	4.56336	4.7	
307.079	-327.997	-0.221129	-1	-0.000254463	4.48914	4.6	
306.918	-328.817	-0.214765	-1	0.00613498	4.43035	4.5	
306.748	-329.637	-0.225676	-1	-0.0053896	4.40515	4.5	
306.586	-330.457	-0.230607	-1	-0.00978136	4.45426	4.5	
306.452	-331.11	-0.222691	-1	-0.000887546	4.3792	4.5	
306.29	-331.919	-0.22121	-1	0.000682688	4.38569	4.4	
306.093	-332.905	-0.214567	-1	0.00725713	4.3748	4.4	
305.995	-333.393	-0.216232	-1	0.00486672	4.32655	4.3	
305.735	-334.7	-0.211543	-1	0.00906849	4.2413	4.3	
305.6	-335.354	-0.213721	-1	0.00598422	4.32214	4.3	
305.475	-336.008	-0.203929	-1	0.0151774	4.3238	4.3	
305.34	-336.661	-0.211046	-1	0.00654244	4.36388	4.3	
305.08	-337.969	-0.20244	-1	0.0144942	4.31672	3.6	
304.982	-338.456	-0.19998	-1	0.0155055	4.28865	3.4	
304.847	-339.121	-0.209394	-1	0.00454086	4.37668	4	
304.677	-339.93	-0.20851	-1	0.00497005	4.59209	4.3	
304.417	-341.248	-0.206777	-1	0.00620643	4.41074	4.4	
304.354	-341.57	-0.203508	-1	0.00885437	4.43216	4.5	
304.121	-342.711	-0.203473	-1	0.00800404	4.38069	4.5	
303.987	-343.375	-0.207981	-1	0.00269611	4.45423	4.5	
303.754	-344.517	-0.214918	-1	-0.00451116	4.51374	4.5	
303.62	-345.17	-0.210173	-1	0.000685313	4.44755	4.5	
303.494	-345.824	-0.202942	-1	0.00784806	4.31326	4.5	
303.36	-346.478	-0.203293	-1	0.00671174	4.36724	4.5	
303.136	-347.619	-0.201891	-1	0.00744268	4.30301	4.5	
302.966	-348.439	-0.20361	-1	0.00497982	4.28681	4.4	
302.867	-348.926	-0.20829	-1	-0.000198348	4.32563	4.4	
302.706	-349.735	-0.203496	-1	0.00461506	4.38726	4.3	
302.446	-351.042	-0.19983	-1	0.00781961	4.29899	4.3	
302.383	-351.364	-0.19456	-1	0.0123076	4.31038	4.3	
302.221	-352.173	-0.194968	-1	0.0106687	4.35606	4.3	
301.962	-353.458	-0.194773	-1	0.00979706	4.42128	4.3	
301.899	-353.779	-0.191904	-1	0.0116867	4.35942	4.3	
301.764	-354.422	-0.200048	-1	0.00237406	4.41484	4.3	
301.54	-355.552	-0.185753	-1	0.0164318	4.40479	4.3	
301.379	-356.349	-0.193313	-1	0.00722856	4.44297	4.3	
301.289	-356.826	-0.191531	-1	0.00828724	4.41113	4.3	
301.002	-358.255	-0.187827	-1	0.0111625	4.43998	4.3	
300.868	-358.887	-0.200364	-1	-0.00249093	4.5432	3.7	
300.743	-359.518	-0.19096	-1	0.00716312	4.5776	3.9	
300.527	-360.615	-0.193283	-1	0.00412324	4.55815	4.2	
300.402	-361.247	-0.186676	-1	0.0103179	4.64701	4.2	
300.276	-361.867	-0.188046	-1	0.00791632	4.62975	4.5	
300.115	-362.654	-0.188287	-1	0.0068838	4.72259	4.7	
299.954	-363.429	-0.190444	-1	0.00403839	4.75824	4.7	
299.802	-364.205	-0.197121	-1	-0.00304304	4.7325	4	
299.649	-364.98	-0.192442	-1	0.00194033	4.75849	4.1	
299.461	-365.9	-0.192822	-1	0.00136627	4.74945	4.4	
299.336	-366.52	-0.192372	-1	0.00167952	4.80669	4.5	
299.21	-367.13	-0.194638	-1	-0.000753929	4.97276	4.7	
298.995	-368.216	-0.196464	-1	-0.00250469	4.94126	4.9	
298.843	-368.98	-0.189114	-1	0.00509608	4.86931	5	
298.753	-369.434	-0.19024	-1	0.00346001	4.89404	5	
298.538	-370.509	-0.1929	-1	0.000454156	4.94733	5	
298.385	-371.274	-0.190381	-1	0.00292774	4.97421	5	
298.287	-371.728	-0.202041	-1	-0.00902468	5.02109	5	
298.081	-372.791	-0.197079	-1	-0.0031602	5.10359	5	
297.928	-373.556	-0.197381	-1	-0.00314657	5.16494	5	
297.838	-374.01	-0.197678	-1	-0.0031292	5.17809	5	
297.686	-374.764	-0.190551	-1	0.00431122	5.2404	5	
297.444	-375.982	-0.190655	-1	0.00377569	5.27004	5	
297.381	-376.282	-0.199847	-1	-0.00579396	5.3445	5	
297.238	-377.035	-0.190679	-1	0.00395352	5.28905	5.1	
296.996	-378.243	-0.1916	-1	0.00263706	5.28644	5.1	
296.933	-378.542	-0.1922	-1	0.00177424	5.34727	5.2	
296.727	-379.594	-0.190635	-1	0.00316095	5.34652	5.2	
296.556	-380.492	-0.183528	-1	0.00995181	5.37079	5.2	
296.431	-381.079	-0.193492	-1	-0.00100669	5.4999	5.2	
296.314	-381.677	-0.193162	-1	-0.000576398	5.4619	5.2	
296.143	-382.575	-0.174302	-1	0.0183414	5.36352	5.3	
296.054	-383.018	-0.18379	-1	0.00701936	5.41498	5.4	
295.937	-383.605	-0.185318	-1	0.00478901	5.5231	5.4	
295.677	-384.935	-0.175872	-1	0.013756	5.574	5.4	
295.587	-385.378	-0.174298	-1	0.0139552	5.57862	5.4	
295.506	-385.821	-0.174299	-1	0.012558	5.57019	5.5	
295.363	-386.553	-0.164706	-1	0.0208952	5.61231	5.5	
295.13	-387.716	-0.173994	-1	0.00951762	5.81669	5.5	
295.076	-388.004	-0.16473	-1	0.0178299	5.86737	5.6	
294.878	-389.023	-0.164136	-1	0.0166415	6.05088	5.6	
294.708	-389.888	-0.173978	-1	0.00513505	6.33974	5.7	
294.6	-390.464	-0.169418	-1	0.00918186	6.37397	5.8	
294.492	-391.04	-0.167799	-1	0.00988248	6.55099	5.9	
294.294	-392.037	-0.167098	-1	0.00959511	6.91302	6.1	
294.159	-392.758	-0.167944	-1	0.00778924	7.21391	6.4	
293.989	-393.611	-0.177981	-1	-0.00302624	7.57315	6.7	
293.881	-394.176	-0.176108	-1	-0.000850538	7.8604	6.9	
293.773	-394.741	-0.177803	-1	-0.00246049	8.11897	7.3	
293.666	-395.306	-0.177597	-1	-0.00200856	8.43561	7.6	
293.477	-396.292	-0.178193	-1	-0.00240412	8.79988	7.9	
293.342	-397.001	-0.177952	-1	-0.00192218	9.27303	8.3	
293.261	-397.422	-0.180092	-1	-0.00387019	9.51147	8.4	
293.081	-398.398	-0.168852	-1	0.00775683	10.1048	8.9	
292.955	-399.096	-0.161221	-1	0.0146122	10.3196	9.3	
292.82	-399.794	-0.16381	-1	0.010562	10.8074	9.7	
292.694	-400.492	-0.164098	-1	0.00921769	11.2564	10	
292.595	-401.046	-0.155509	-1	0.0168848	11.5537	10.4	
292.442	-401.877	-0.15575	-1	0.0149551	12.0462	10.8	
292.298	-402.708	-0.133026	-1	0.0361839	12.505	11.3	
292.225	-403.118	-0.13318	-1	0.0324112	12.6404	11.6	
292.126	-403.661	-0.12531	-1	0.0370404	13.0238	12	
291.964	-404.625	-0.109754	-1	0.0488926	13.3673	12.2	
291.864	-405.168	-0.113165	-1	0.0405923	13.676	12.6	
291.756	-405.856	-0.089645	-1	0.060053	13.8274	12.9	
291.611	-406.665	-0.0888763	-1	0.0548164	14.1951	13.2	
291.521	-407.208	-0.0879177	-1	0.0502934	14.403	13.3	
291.43	-407.74	-0.0808136	-1	0.0523682	14.6125	13.6	
291.285	-408.682	-0.0633908	-1	0.0645541	14.7172	13.9	
291.176	-409.358	-0.0626409	-1	0.0588487	14.8519	14.4	
291.121	-409.757	-0.0534043	-1	0.0622004	14.7724	14.7	
291.012	-410.422	-0.0454474	-1	0.0639372	14.9358	14.7	
290.857	-411.486	-0.0271141	-1	0.0758768	14.7853	14.8	
290.82	-411.752	-0.0275748	-1	0.0678284	14.7696	14.9	
290.72	-412.417	-0.0166071	-1	0.0720133	14.6381	14.9	
290.565	-413.459	-0.0165903	-1	0.0648287	14.6027	14.9	
290.529	-413.725	-0.0159178	-1	0.0590184	14.4698	14.9	
290.401	-414.634	-0.0227192	-1	0.0463152	14.4767	14.9	
290.318	-415.277	-0.0186306	-1	0.0457723	14.167	14.9	
290.263	-415.665	-0.0223516	-1	0.037474	14.2105	14.8	
290.152	-416.563	-0.0223625	-1	0.0337157	13.7349	14.6	
290.069	-417.206	-0.03012	-1	0.0225867	13.5402	14.5	
290.023	-417.583	-0.038376	-1	0.012072	13.3901	14.1	
289.949	-418.215	-0.0387246	-1	0.0105162	12.859	13.9	
289.828	-419.224	-0.05421	-1	-0.00602087	12.3126	13.5	
289.8	-419.479	-0.0541881	-1	-0.00539688	12.1482	13.3	
289.689	-420.355	-0.0789709	-1	-0.02964	11.6784	12.9	
289.634	-420.843	-0.0891394	-1	-0.0368445	11.3074	12.4	
289.558	-421.586	-0.0962798	-1	-0.0403004	10.6307	12	
289.493	-422.196	-0.113645	-1	-0.053636	10.2606	11.4	
289.427	-422.817	-0.1212	-1	-0.055827	9.634	10.8	
289.362	-423.416	-0.138509	-1	-0.0675528	9.34538	10.5	
289.315	-423.904	-0.137473	-1	-0.0597617	8.92652	10.1	
289.23	-424.747	-0.154545	-1	-0.0708575	8.13732	9.8	
289.183	-425.224	-0.163585	-1	-0.0728119	7.8779	9.4	
289.155	-425.456	-0.172288	-1	-0.0742336	7.45348	8.8	
289.07	-426.288	-0.188648	-1	-0.0831701	6.60205	8.5	
288.996	-426.987	-0.207512	-1	-0.0937172	6.11658	7.3	
288.948	-427.464	-0.21478	-1	-0.0916135	5.5001	6.8	
288.91	-427.929	-0.215761	-1	-0.0834336	5.03417	7.4	
288.834	-428.739	-0.225483	-1	-0.0848118	4.1464	6.9	
288.778	-429.316	-0.242276	-1	-0.0931242	3.15807	6.2	
288.74	-429.659	-0.25055	-1	-0.0920851	3.06137	5.2	
288.692	-430.225	-0.251408	-1	-0.0837354	2.13724	4.3	
288.607	-431.146	-0.269635	-1	-0.0935887	1.10095	3.6	
288.588	-431.367	-0.268704	-1	-0.0832983	0.719324	2.7	
288.541	-431.822	-0.278466	-1	-0.0847305	0.390787	2	
288.465	-432.609	-0.296894	-1	-0.0946852	-0.568733	1.4	
288.417	-433.175	-0.304945	-1	-0.0932678	-1.30951	1	
288.38	-433.519	-0.313104	-1	-0.0921001	-1.50987	0.3	
288.285	-434.528	-0.331673	-1	-0.101459	-2.67813	-0.5	
288.256	-434.861	-0.330759	-1	-0.0903998	-3.09429	-0.9	
288.219	-435.193	-0.340466	-1	-0.0910665	-3.14545	-1.6	
288.124	-436.203	-0.350014	-1	-0.0915076	-4.26804	-2.1	
288.095	-436.535	-0.349691	-1	-0.0820339	-4.77888	-2.8	
288.058	-436.868	-0.349916	-1	-0.0740555	-4.95048	-3.5	
287.972	-437.866	-0.342603	-1	-0.0593373	-5.93403	-3.8	
287.925	-438.31	-0.341882	-1	-0.0526821	-6.4633	-4.4	
287.906	-438.532	-0.341922	-1	-0.0474538	-6.64279	-5.3	
287.794	-439.519	-0.344589	-1	-0.0453754	-7.19189	-5.8	
287.748	-439.962	-0.343443	-1	-0.0396917	-7.48003	-6.6	
287.728	-440.184	-0.335547	-1	-0.0278269	-7.71948	-6.4	
287.636	-440.949	-0.336169	-1	-0.0256665	-7.94434	-6.3	
287.561	-441.614	-0.334806	-1	-0.0217365	-8.32437	-6.8	
287.515	-442.047	-0.319722	-1	-0.00447859	-8.50766	-7.6	
287.459	-442.49	-0.321341	-1	-0.00564996	-8.73187	-9.8	
287.375	-443.255	-0.311815	-1	0.00444044	-8.84352	-12.4	
287.31	-443.81	-0.295817	-1	0.0199944	-8.73663	-15	
287.245	-444.353	-0.287862	-1	0.02595	-8.35811	-18.2	
287.172	-444.896	-0.280419	-1	0.0307984	-7.66082	-21	
287.108	-445.34	-0.281529	-1	0.0266083	-6.94316	-21.7	
287.008	-445.994	-0.279417	-1	0.0260599	-5.57025	-20.3	
286.934	-446.537	-0.268471	-1	0.0343999	-4.39366	-14	
286.844	-447.08	-0.2711	-1	0.0283311	-3.48246	-1.7	
286.798	-447.413	-0.26969	-1	0.0269081	-3.31312	3.8	
286.726	-447.845	-0.275095	-1	0.0188117	-3.64537	-0.7	
286.58	-448.831	-0.253379	-1	0.038647	-4.21304	-6	
286.534	-449.164	-0.245719	-1	0.0424414	-4.235	-7.1	
286.443	-449.718	-0.225272	-1	0.0586445	-3.77751	-4.7	
286.317	-450.483	-0.22186	-1	0.0561925	-3.39562	-3.6	
286.244	-450.926	-0.213921	-1	0.0585119	-3.23882	-5.1	
286.172	-451.358	-0.208298	-1	0.0582843	-2.92521	-6.7	
286.081	-451.913	-0.200001	-1	0.0607526	-2.40611	-8.3	
285.982	-452.444	-0.192828	-1	0.0618503	-1.8942	-13.9	
285.928	-452.766	-0.185911	-1	0.0625825	-1.16783	-19.8	
285.928	-452.766	-0.185911	-1	0.0563242	-1.15688	-19.8	
285.928	-452.766	-0.185911	-1	0.0506918	-1.14702	-19.8	
285.928	-452.766	-0.185911	-1	0.0456226	-1.13815	-19.8	
