302.515	-413.413	-0.0492672	-0.0492672	-0.0492672	-46.4636	8.2	
302.515	-413.413	-0.0492675	-0.0985348	-0.0443408	-46.4751	8.2	
302.515	-413.413	-0.0492672	-0.147802	-0.0399064	-46.4636	8.2	
302.515	-413.413	-0.0492675	-0.19707	-0.0359161	-46.4751	8.2	
302.515	-413.413	-0.0492675	-0.246337	-0.0323245	-46.4751	8.2	
302.515	-413.413	-0.0492675	-0.295605	-0.029092	-46.4751	8.2	
302.515	-413.402	-0.0480124	-0.343617	-0.0249277	-46.7172	8.2	
302.515	-413.391	-0.046757	-0.390374	-0.0211795	-46.9488	8.2	
302.515	-413.391	-0.0467577	-0.437132	-0.0190622	-46.9604	8.2	
302.524	-413.369	-0.0527476	-0.489879	-0.023146	-46.7592	8.2	
302.524	-413.347	-0.0502394	-0.540119	-0.0183231	-47.2382	8.2	
302.524	-413.336	-0.0489864	-0.589105	-0.0152378	-47.4852	8.2	
302.524	-413.314	-0.0284489	-0.617554	0.00682345	-47.0171	8.2	
302.525	-413.291	-0.0259398	-0.643494	0.00865018	-47.4924	8.2	
302.516	-413.258	-0.0136781	-0.657172	0.0200469	-48.7867	8.2	
302.517	-413.236	-0.0111708	-0.668343	0.0205495	-49.2898	8.2	
302.525	-413.203	-0.0159122	-0.684255	0.0137532	-49.344	8.1	
302.526	-413.158	-0.00522843	-0.689483	0.0230616	-48.6229	8.1	
302.526	-413.136	-0.00272337	-0.692207	0.0232605	-49.1265	8.1	
302.535	-413.103	-0.00746946	-0.699676	0.0161884	-49.1835	8.1	
302.544	-413.047	-0.00972104	-0.709397	0.0123179	-51.5129	8.1	
302.544	-413.014	-0.00597917	-0.715376	0.014828	-52.314	8.1	
302.553	-412.981	0.00827267	-0.707104	0.0275971	-50.5515	8.1	
302.554	-412.936	0.0132699	-0.693834	0.0298346	-51.1268	8.1	
302.546	-412.87	0.0292537	-0.66458	0.0428349	-53.3164	8.1	
302.555	-412.825	0.0257386	-0.638842	0.0350363	-54.1696	8.1	
302.564	-412.748	0.0464777	-0.592364	0.0522718	-53.9091	8.1	
302.564	-412.703	0.0514588	-0.540905	0.0520257	-53.7828	8.1	
302.573	-412.648	0.0491794	-0.491726	0.0445437	-55.587	8.1	
302.583	-412.57	0.0617435	-0.429982	0.0526534	-55.5652	8.1	
302.592	-412.526	0.0639782	-0.366004	0.0496228	-55.4737	8.1	
302.601	-412.46	0.0629286	-0.303075	0.043611	-56.3704	8.1	
302.61	-412.382	0.0630992	-0.239976	0.0394205	-57.6241	8.1	
302.619	-412.327	0.0801086	-0.159868	0.0524878	-56.085	8	
302.62	-412.271	0.0863029	-0.0735648	0.0534333	-57.4172	8	
302.638	-412.171	0.0862489	0.0126841	0.048036	-55.8213	8	
302.647	-412.116	0.0839278	0.0966119	0.0409113	-56.4407	7.1	
302.656	-412.038	0.0975104	0.194122	0.0504028	-57.5931	-4.1	
302.665	-411.939	0.106084	0.300207	0.0539364	-59.0405	-23.4	
302.675	-411.861	0.112051	0.412258	0.0545098	-59.2112	-32.9	
302.693	-411.75	0.107741	0.519999	0.0447489	-55.3733	-48.1	
302.711	-411.606	0.125123	0.645123	0.0576559	-48.295	-53.1	
302.729	-411.484	0.122965	0.768088	0.0497319	-45.7288	-54.5	
302.748	-411.362	0.141327	0.909414	0.0631207	-39.9566	-52.5	
302.784	-411.096	0.157115	1	0.0725968	-57.3022	-50.1	
302.812	-410.919	0.170481	1	0.0787033	-51.1415	-46.1	
302.848	-410.719	0.16984	1	0.0701916	-46.0081	-49	
302.875	-410.509	0.185905	1	0.0792372	-41.7444	-49.3	
302.947	-410.099	0.201482	1	0.0868911	-34.487	-47.9	
302.983	-409.899	0.197979	1	0.0746991	-31.4702	-44.5	
303.046	-409.556	0.202808	1	0.0720575	-26.8295	-39.8	
303.145	-409.024	0.21252	1	0.0745644	-21.2142	-37.2	
303.217	-408.691	0.205966	1	0.0605538	-18.0599	-32.4	
303.28	-408.348	0.216667	1	0.065199	-15.6254	-27.9	
303.406	-407.694	0.216141	1	0.0581532	-11.691	-23.4	
303.486	-407.306	0.207602	1	0.043799	-9.59393	-21	
303.575	-406.908	0.203778	1	0.0355954	-7.72633	-16.9	
303.745	-406.165	0.18387	1	0.0121276	-4.47329	-14.6	
303.843	-405.733	0.163527	1	-0.00942795	-3.08373	-11.5	
303.949	-405.29	0.151016	1	-0.0209964	-1.79496	-9.3	
304.083	-404.737	0.122336	1	-0.0475766	-0.168578	-6.6	
304.243	-404.072	0.098224	1	-0.0669311	1.47313	-4.6	
304.35	-403.629	0.0756142	1	-0.0828478	2.29525	-2.8	
304.483	-403.064	0.0494719	1	-0.100705	3.37832	-1.1	
304.643	-402.389	0.0263919	1	-0.113715	4.22442	0	
304.75	-401.934	0.0166227	1	-0.112112	4.77673	1.8	
304.892	-401.381	-0.0201699	0.97983	-0.137694	5.73074	2.6	
305.061	-400.716	-0.0622154	0.917615	-0.16597	7.05151	3.6	
305.176	-400.262	-0.0880342	0.82958	-0.175192	8.48304	4.5	
305.283	-399.819	-0.108943	0.720637	-0.178582	9.70721	5.7	
305.478	-399.055	-0.15367	0.566967	-0.205451	11.8855	6.9	
305.62	-398.501	-0.187988	0.378978	-0.219223	14.0495	8.2	
305.726	-398.07	-0.214996	0.163982	-0.224309	15.6939	9.8	
305.886	-397.405	-0.242378	-0.078396	-0.22926	18.0328	11.6	
305.993	-396.973	-0.26241	-0.340806	-0.226366	20.3462	13.1	
306.126	-396.43	-0.298504	-0.63931	-0.239824	22.7812	15.6	
306.286	-395.777	-0.328854	-0.968164	-0.246191	25.1699	17.7	
306.438	-395.135	-0.355129	-1	-0.247847	25.3019	20	
306.562	-394.603	-0.382443	-1	-0.250376	24.8157	22.1	
306.669	-394.182	-0.406325	-1	-0.24922	24.444	23.3	
306.811	-393.54	-0.428239	-1	-0.246212	22.976	23.9	
306.909	-393.119	-0.451543	-1	-0.244896	22.6154	24.1	
307.052	-392.487	-0.47246	-1	-0.241323	21.5096	24	
307.123	-392.177	-0.484933	-1	-0.229663	20.7641	23.5	
307.213	-391.756	-0.497704	-1	-0.219468	20.0398	22.5	
307.373	-391.036	-0.520679	-1	-0.220496	18.8063	21.9	
307.481	-390.515	-0.525791	-1	-0.203558	17.6906	20.9	
307.543	-390.205	-0.534161	-1	-0.191572	16.8497	20	
307.687	-389.485	-0.546864	-1	-0.185119	15.6666	19	
307.786	-388.975	-0.544755	-1	-0.164497	14.3962	18.1	
307.866	-388.565	-0.550809	-1	-0.154102	13.5843	16.8	
307.983	-387.956	-0.550083	-1	-0.137966	12.6645	15.8	
308.055	-387.557	-0.550136	-1	-0.124222	11.8066	14.9	
308.199	-386.848	-0.561356	-1	-0.12302	10.7894	13.7	
308.279	-386.46	-0.563408	-1	-0.11277	10.4171	12.7	
308.351	-386.061	-0.564994	-1	-0.103079	9.95221	11.7	
308.441	-385.563	-0.563199	-1	-0.0909758	9.07396	11.2	
308.549	-384.975	-0.552472	-1	-0.0711518	8.17476	10.5	
308.621	-384.587	-0.548138	-1	-0.0597022	7.82084	9.7	
308.685	-384.2	-0.541695	-1	-0.0472891	7.10247	9	
308.811	-383.513	-0.532952	-1	-0.0338168	6.50498	8.3	
308.892	-383.036	-0.517361	-1	-0.0148442	5.82812	7.9	
308.938	-382.748	-0.508877	-1	-0.00487578	5.39838	7.2	
309.063	-382.083	-0.498545	-1	0.00594375	4.83472	6.4	
309.153	-381.606	-0.493557	-1	0.010337	4.66451	6	
309.216	-381.33	-0.504573	-1	-0.00171278	4.60771	5.5	
309.324	-380.676	-0.469879	-1	0.0331527	3.96199	4.9	
309.406	-380.199	-0.448164	-1	0.0515522	3.3712	4.7	
309.46	-379.922	-0.456517	-1	0.0380447	3.34458	4.3	
309.568	-379.268	-0.432998	-1	0.0577586	2.8475	3.7	
309.65	-378.803	-0.41289	-1	0.0720906	2.43611	3.5	
309.713	-378.426	-0.404357	-1	0.0734153	2.21754	3.1	
309.812	-377.872	-0.393575	-1	0.076855	1.86581	2.8	
309.884	-377.495	-0.395944	-1	0.0668009	2.02515	2.4	
309.956	-377.129	-0.393363	-1	0.0627021	2.12927	2.3	
310.081	-376.476	-0.389306	-1	0.0604881	2.28076	2.1	
310.154	-376.01	-0.3602	-1	0.0835462	1.80583	2.1	
310.253	-375.456	-0.355443	-1	0.0799484	1.73804	2	
310.317	-375.09	-0.336526	-1	0.0908698	1.68795	2	
310.388	-374.725	-0.340285	-1	0.0780247	1.84676	1.9	
310.497	-374.082	-0.314159	-1	0.0963478	1.62337	1.8	
310.56	-373.716	-0.297627	-1	0.103245	1.50217	1.8	
310.659	-373.162	-0.287973	-1	0.102574	1.51031	1.7	
310.74	-372.797	-0.287367	-1	0.0929228	1.94545	1.7	
310.865	-372.165	-0.280804	-1	0.0901942	2.15679	1.5	
310.901	-371.988	-0.280596	-1	0.0813822	2.22085	1.6	
310.973	-371.622	-0.280425	-1	0.073415	2.57308	1.7	
311.036	-371.256	-0.26199	-1	0.0845082	2.47347	2	
311.18	-370.447	-0.236573	-1	0.101475	2.54723	2.2	
311.234	-370.182	-0.234436	-1	0.0934638	2.64762	2.3	
311.279	-369.916	-0.230414	-1	0.0881398	2.56802	2.5	
311.396	-369.295	-0.215197	-1	0.0945428	2.58189	2.6	
311.477	-368.852	-0.193997	-1	0.106289	2.6528	2.6	
311.54	-368.497	-0.179045	-1	0.110612	2.58873	2.6	
311.675	-367.788	-0.174506	-1	0.10409	2.71036	2.6	
311.738	-367.433	-0.158548	-1	0.109638	2.78225	2.6	
311.819	-366.99	-0.154161	-1	0.103061	2.69927	2.6	
311.9	-366.547	-0.134866	-1	0.112051	2.79259	2.6	
311.954	-366.281	-0.132186	-1	0.103526	2.85795	2.6	
312.044	-365.76	-0.113752	-1	0.111607	2.81772	2.7	
312.161	-365.14	-0.109876	-1	0.104323	2.91301	2.8	
312.224	-364.785	-0.0979847	-1	0.105781	2.9922	2.8	
312.296	-364.43	-0.0915074	-1	0.10168	3.21985	2.8	
312.404	-363.81	-0.0791251	-1	0.103895	3.13742	3	
312.468	-363.455	-0.0643519	-1	0.108278	3.08539	3.1	
312.531	-363.101	-0.0541848	-1	0.107618	2.91356	3.1	
312.648	-362.469	-0.0424127	-1	0.108628	3.07382	3.1	
312.719	-362.114	-0.0438242	-1	0.0963538	3.08863	3.1	
312.782	-361.76	-0.0392106	-1	0.091332	3.09508	3.1	
312.872	-361.317	-0.0425763	-1	0.078833	3.14611	3.1	
312.971	-360.774	-0.0323497	-1	0.0811763	3.07947	3.1	
313.034	-360.419	-0.0206581	-1	0.0847503	3.08414	3.1	
313.106	-360.053	-0.020504	-1	0.0764294	3.08523	3.1	
313.223	-359.422	-0.0165286	-1	0.0727618	3.04087	3.1	
313.296	-358.967	0.00274613	-0.997254	0.0847604	2.70552	3.1	
313.349	-358.701	0.00114457	-0.996109	0.0746828	2.75334	3.1	
313.431	-358.247	0.00692542	-0.989184	0.0729954	2.44646	3	
313.566	-357.516	0.0156892	-0.973495	0.0744596	2.24025	2.9	
313.601	-357.338	0.0140681	-0.959427	0.0653925	2.08708	2.8	
313.727	-356.707	0.00867344	-0.950753	0.0534586	2.16409	2.5	
313.826	-356.153	0.0133259	-0.937427	0.0527652	1.93078	2.4	
313.898	-355.787	0.0136565	-0.923771	0.0478193	1.87545	2.2	
313.961	-355.422	0.0251521	-0.898619	0.0545329	1.4551	2.1	
314.06	-354.879	0.0250565	-0.873562	0.0489841	0.935708	2.1	
314.114	-354.602	0.0241939	-0.849368	0.043223	0.717132	1.8	
314.213	-354.059	0.0349926	-0.814376	0.0496995	0.279569	1.3	
314.294	-353.604	0.040831	-0.773545	0.0505679	-0.216879	1	
314.402	-353.061	0.0323411	-0.741204	0.0370212	-0.31971	0.7	
314.465	-352.707	0.0350019	-0.706202	0.0359799	-0.856107	0.3	
314.537	-352.352	0.0352117	-0.67099	0.0325917	-1.1922	0	
314.654	-351.72	0.0325835	-0.638407	0.0267044	-1.43239	-0.4	
314.743	-351.277	0.0305794	-0.607827	0.0220298	-1.63612	-0.5	
314.797	-351.011	0.0268278	-0.580999	0.0160752	-1.79148	-0.9	
314.905	-350.402	0.0311055	-0.549894	0.0187454	-2.01226	-1.1	
314.986	-349.959	0.0335276	-0.516366	0.0192929	-2.36417	-1.4	
315.04	-349.693	0.03273	-0.483636	0.0165661	-2.65446	-1.7	
315.157	-349.083	0.0287705	-0.454866	0.01095	-2.60156	-1.9	
315.246	-348.651	0.0204563	-0.434409	0.00154073	-2.52463	-2.1	
315.327	-348.219	0.021535	-0.412874	0.00246537	-2.77202	-2.2	
315.417	-347.776	0.00801365	-0.404861	-0.0113025	-2.36263	-2.5	
315.524	-347.255	0.00655114	-0.398309	-0.0116348	-2.08931	-2.6	
315.596	-346.912	-0.00380606	-0.402116	-0.0208285	-1.74404	-2.5	
315.677	-346.48	-0.003927	-0.406043	-0.0188666	-1.70024	-2.4	
315.766	-346.036	-0.0137628	-0.419805	-0.0268157	-1.0627	-2.3	
315.847	-345.604	-0.0055048	-0.42531	-0.0158761	-0.796082	-2.1	
315.937	-345.172	-0.013873	-0.439183	-0.0226567	-0.393826	-1.5	
316.044	-344.652	-0.0242892	-0.463472	-0.0308072	0.294633	-1.1	
316.116	-344.308	-0.0270566	-0.490529	-0.030494	0.820382	-0.5	
316.188	-343.954	-0.0355143	-0.526043	-0.0359023	1.41447	-0.1	
316.295	-343.433	-0.0459602	-0.572003	-0.0427579	2.22832	0.2	
316.349	-343.178	-0.0464922	-0.618496	-0.0390141	2.77618	1	
316.474	-342.569	-0.048032	-0.666528	-0.0366525	3.51165	1.5	
316.59	-342.059	-0.0698491	-0.736377	-0.0548043	4.80033	2.2	
316.644	-341.793	-0.0687824	-0.805159	-0.0482572	5.46267	2.8	
316.742	-341.272	-0.0693462	-0.874505	-0.0439953	5.92872	3.9	
316.85	-340.752	-0.0709328	-0.945438	-0.0411824	6.63039	4.6	
316.912	-340.497	-0.0827788	-1	-0.0489101	7.48641	5.2	
317.002	-340.065	-0.0845723	-1	-0.0458127	7.3701	5.8	
317.127	-339.456	-0.0869533	-1	-0.0436123	7.20639	6.3	
317.199	-339.101	-0.077002	-1	-0.0292999	7.15731	6.8	
317.279	-338.758	-0.0896444	-1	-0.0390122	7.27725	7	
317.404	-338.148	-0.089497	-1	-0.0349636	7.05051	7.1	
317.476	-337.805	-0.0922265	-1	-0.0341968	6.84061	7.3	
317.547	-337.45	-0.0917785	-1	-0.030329	6.7602	7.3	
317.673	-336.841	-0.0863495	-1	-0.0218671	6.3169	7.2	
317.744	-336.498	-0.079079	-1	-0.01241	6.26014	7	
317.78	-336.32	-0.0810394	-1	-0.0131293	6.12382	6.8	
317.941	-335.534	-0.0776785	-1	-0.00845553	5.61333	6.6	
317.995	-335.268	-0.0675636	-1	0.00250496	5.59676	6.3	
318.049	-335.002	-0.0679679	-1	0.00185017	5.52815	6.1	
318.218	-334.215	-0.0734833	-1	-0.00385026	5.16666	5.9	
318.29	-333.861	-0.0636671	-1	0.00635096	5.13583	5.6	
318.362	-333.506	-0.0575992	-1	0.0117837	5.09255	5.3	
318.487	-332.886	-0.051111	-1	0.0170936	4.81986	5.2	
318.559	-332.542	-0.0575747	-1	0.00892048	4.72725	5.1	
318.631	-332.177	-0.0572519	-1	0.00835131	4.53744	5	
318.765	-331.556	-0.0522595	-1	0.0125085	4.69034	4.8	
318.836	-331.202	-0.0531393	-1	0.0103779	4.47469	4.7	
318.908	-330.847	-0.0477886	-1	0.0146908	4.4408	4.6	
319.033	-330.227	-0.0438525	-1	0.0171578	4.21465	4.5	
319.105	-329.872	-0.037597	-1	0.0216975	4.13795	4.4	
319.185	-329.507	-0.0471973	-1	0.00992745	4.21722	4.3	
319.275	-329.064	-0.0409295	-1	0.0152026	4.15073	4.2	
319.383	-328.521	-0.0347343	-1	0.0198775	3.92736	4.1	
319.445	-328.255	-0.0449613	-1	0.00766275	4.17277	4.1	
319.588	-327.535	-0.028374	-1	0.0234837	4.09116	4.1	
319.651	-327.258	-0.039501	-1	0.0100084	4.04296	4	
319.705	-326.992	-0.0305998	-1	0.0179087	3.9957	4	
319.866	-326.183	-0.0255106	-1	0.0212071	3.93845	4	
319.946	-325.817	-0.0269581	-1	0.0176388	4.12242	4	
320.018	-325.452	-0.0281366	-1	0.0146964	3.92936	4	
320.152	-324.82	-0.0301696	-1	0.0111938	3.94895	4	
320.188	-324.643	-0.0222847	-1	0.0179593	3.88817	4	
320.296	-324.089	-0.014146	-1	0.0243022	3.64907	3.9	
320.394	-323.635	-0.0207019	-1	0.015316	3.76972	3.9	
320.502	-323.092	-0.0145025	-1	0.0199838	3.74797	3.8	
320.618	-322.549	-0.0240846	-1	0.00840329	3.91438	3.7	
320.725	-322.006	-0.015863	-1	0.0157846	3.57615	3.6	
320.761	-321.829	-0.0163494	-1	0.0137198	3.66308	3.7	
320.859	-321.375	-0.017887	-1	0.0108101	3.75608	3.7	
320.931	-321.009	-0.0197601	-1	0.00785607	3.64273	3.6	
321.065	-320.378	-0.0217869	-1	0.00504362	3.73526	3.6	
321.155	-319.923	-0.0132999	-1	0.0130263	3.56827	3.6	
321.227	-319.569	-0.00854819	-1	0.0164754	3.49143	3.6	
321.343	-319.026	-0.0201198	-1	0.00325625	3.59265	3.6	
321.415	-318.66	-0.012652	-1	0.0103983	3.47745	3.6	
321.54	-318.029	-0.00878328	-1	0.0132273	3.19243	3.6	
321.638	-317.575	-0.0110217	-1	0.00966616	3.32158	3.5	
321.692	-317.309	-0.00571509	-1	0.0140061	3.28165	3.4	
321.773	-316.943	-0.0071739	-1	0.0111467	3.27903	3.2	
321.898	-316.312	-0.00630588	-1	0.0109	3.17318	3.2	
321.996	-315.857	-0.0108573	-1	0.00525857	3.38868	3.2	
322.05	-315.58	-0.00488539	-1	0.0107047	3.21183	3.2	
322.14	-315.126	0.00686384	-0.993136	0.0213834	3.16614	3.1	
322.292	-314.384	0.0080456	-0.985091	0.0204269	2.90268	3.1	
322.328	-314.195	0.00817336	-0.976917	0.0185119	2.87219	3.1	
322.408	-313.83	0.00964781	-0.967269	0.0181352	3.037	3.1	
322.587	-312.966	0.00645228	-0.960817	0.0131261	2.86106	3	
322.65	-312.678	-0.00325172	-0.964069	0.00210952	3.08583	2.8	
322.748	-312.201	-0.000896635	-0.964966	0.00425365	3.23112	2.8	
322.892	-311.514	0.00477047	-0.960195	0.00949539	3.41456	2.9	
322.972	-311.116	0.0050896	-0.955105	0.00886498	3.40355	3.1	
323.053	-310.728	0.00138657	-0.953719	0.00427546	3.39473	3.2	
323.196	-310.03	6.94464e-05	-0.953649	0.00253078	3.35595	3.4	
323.277	-309.631	0.00620148	-0.947448	0.00840974	3.46886	3.3	
323.366	-309.232	-0.000876203	-0.948324	0.000491083	3.50434	3.4	
323.509	-308.523	0.00558953	-0.942735	0.0069077	3.64135	3.4	
323.59	-308.124	0.00180699	-0.940928	0.0024344	3.66228	3.4	
323.679	-307.714	0.0015025	-0.939425	0.00188647	3.80511	3.6	
323.786	-307.216	-0.00086361	-0.940289	-0.000668289	3.96808	3.6	
323.912	-306.607	-0.000137374	-0.940426	0.000124776	4.20587	3.6	
324.001	-306.197	-0.000444578	-0.940871	-0.000194906	4.4301	3.7	
324.144	-305.488	0.00599742	-0.934873	0.00626659	4.40662	3.9	
324.234	-305.078	0.00569452	-0.929179	0.00533702	4.64314	4.2	
324.314	-304.668	0.00593775	-0.923241	0.00504656	4.50627	4.2	
324.466	-303.959	0.0096739	-0.913567	0.00827805	4.57005	4.4	
324.547	-303.56	0.0080243	-0.905543	0.00580064	4.5736	4.5	
324.699	-302.851	0.014896	-0.890647	0.0120923	4.56896	4.5	
324.788	-302.441	0.00774545	-0.882901	0.0037325	4.61134	4.5	
324.869	-302.042	0.0128649	-0.870036	0.00847875	4.52361	4.5	
324.958	-301.643	0.010584	-0.859453	0.00534989	4.55797	4.5	
325.101	-300.934	0.0111506	-0.848302	0.00538152	4.48231	4.5	
325.146	-300.735	0.00741049	-0.840891	0.00110328	4.46195	4.5	
325.271	-300.126	0.0129468	-0.827945	0.00652931	4.52197	4.5	
325.415	-299.417	0.0125258	-0.815419	0.00545535	4.22862	4.5	
325.495	-299.018	0.0186626	-0.796756	0.0110466	4.06737	4.5	
325.584	-298.619	0.015395	-0.781361	0.00667434	4.16404	4.4	
325.728	-297.91	0.0149737	-0.766388	0.00558562	3.99847	4.3	
325.772	-297.71	0.00436094	-0.762027	-0.00558573	4.04862	4.2	
325.942	-296.902	0.00828563	-0.753741	-0.00110247	4.05883	4.2	
326.041	-296.403	0.00749328	-0.746248	-0.00178457	4.06339	4.1	
326.13	-295.993	-0.00371214	-0.74996	-0.0128115	4.15243	4	
326.211	-295.594	0.00340094	-0.746559	-0.0044173	4.1453	4	
326.363	-294.885	-0.00946654	-0.756025	-0.016843	4.33373	4	
326.461	-294.376	-0.00827683	-0.764302	-0.013969	4.42469	4	
326.524	-294.077	-0.0101229	-0.774425	-0.0144182	4.56523	4	
326.649	-293.467	-0.011415	-0.78584	-0.0142684	4.67337	4.1	
326.757	-292.958	-0.017011	-0.802851	-0.0184376	4.89998	4.3	
326.882	-292.348	-0.0262767	-0.829128	-0.0258596	5.25037	4.4	
326.971	-291.949	-0.0364288	-0.865557	-0.0334257	5.77295	4.7	
327.079	-291.44	-0.0465412	-0.912098	-0.0401955	6.17161	4.9	
327.186	-290.93	-0.0510619	-0.96316	-0.0406967	6.73795	5.3	
327.249	-290.631	-0.0526931	-1	-0.0382582	7.13359	5.6	
327.356	-290.122	-0.059945	-1	-0.0416843	7.05179	6	
327.517	-289.302	-0.0665882	-1	-0.0441591	6.95331	6.8	
327.562	-289.102	-0.0672798	-1	-0.0404348	7.02744	6.9	
327.643	-288.692	-0.0690601	-1	-0.0381716	6.73622	6.9	
327.839	-287.773	-0.0895082	-1	-0.0548026	6.78177	7	
327.902	-287.463	-0.0883934	-1	-0.0482075	6.75235	7	
327.983	-287.064	-0.0921328	-1	-0.0471262	6.64114	7	
328.153	-286.244	-0.0968988	-1	-0.0471795	6.43465	6.9	
328.197	-286.033	-0.102237	-1	-0.0478002	6.49752	6.8	
328.341	-285.313	-0.107311	-1	-0.0480942	6.22856	6.7	
328.44	-284.803	-0.0997695	-1	-0.0357428	5.97335	6.6	
328.502	-284.493	-0.101954	-1	-0.0343535	5.85263	6.5	
328.628	-283.884	-0.10594	-1	-0.0349033	5.74651	6.1	
328.771	-283.164	-0.101895	-1	-0.0273687	5.62134	6.1	
328.86	-282.743	-0.107406	-1	-0.0301423	5.64061	6	
328.941	-282.333	-0.102657	-1	-0.0223787	5.50141	5.9	
329.085	-281.613	-0.106912	-1	-0.0243963	5.20702	5.7	
329.147	-281.302	-0.100027	-1	-0.0150719	5.17518	5.6	
329.255	-280.782	-0.102463	-1	-0.0160007	5.16061	5.5	
329.398	-280.05	-0.0938569	-1	-0.00579436	4.82374	5.3	
329.479	-279.64	-0.097565	-1	-0.00892306	4.77879	5.2	
329.605	-279.009	-0.0914944	-1	-0.00196011	4.62443	5	
329.73	-278.388	-0.0837789	-1	0.00595136	4.39208	4.9	
329.775	-278.178	-0.0867137	-1	0.0024215	4.38027	4.7	
329.874	-277.657	-0.0864282	-1	0.00246478	4.17473	4.5	
329.963	-277.247	-0.0918315	-1	-0.00318495	4.24358	4.4	
330.106	-276.516	-0.0852704	-1	0.0036946	4.09942	4.4	
330.214	-275.995	-0.0855534	-1	0.00304215	4.01773	4.3	
330.339	-275.364	-0.0892931	-1	-0.00100175	3.98543	4.2	
330.438	-274.843	-0.0801601	-1	0.00823139	3.67881	4.1	
330.501	-274.522	-0.0742054	-1	0.013363	3.6248	4	
330.59	-274.112	-0.0863268	-1	-9.47158e-05	3.7438	3.8	
330.734	-273.369	-0.0800352	-1	0.00620636	3.6183	3.8	
330.833	-272.849	-0.0708846	-1	0.0147363	3.45422	3.6	
330.922	-272.428	-0.0811176	-1	0.00302964	3.59861	3.6	
331.048	-271.796	-0.0815057	-1	0.00233864	3.52738	3.6	
331.129	-271.386	-0.0763436	-1	0.00726686	3.38637	3.5	
331.281	-270.644	-0.0806881	-1	0.00219564	3.64997	3.5	
331.362	-270.223	-0.0738384	-1	0.00882584	3.56691	3.5	
331.451	-269.802	-0.0828163	-1	-0.00103467	3.55752	3.5	
331.595	-269.071	-0.079713	-1	0.00217204	3.65414	3.5	
331.675	-268.65	-0.0771431	-1	0.00452474	3.52475	3.5	
331.756	-268.228	-0.0731985	-1	0.00801691	3.55605	3.5	
331.927	-267.386	-0.0765968	-1	0.00381691	3.63941	3.5	
331.998	-267.076	-0.0853394	-1	-0.00530739	3.83691	3.5	
332.123	-266.445	-0.0804429	-1	0.00011982	3.80992	3.5	
332.186	-266.123	-0.0808271	-1	-0.000276327	3.78584	3.5	
332.312	-265.492	-0.0735901	-1	0.00698834	3.82876	3.6	
332.401	-265.071	-0.0759702	-1	0.00390942	3.97286	3.6	
332.545	-264.329	-0.0706964	-1	0.00879224	3.84622	3.8	
332.634	-263.908	-0.0730791	-1	0.00553031	4.01161	3.8	
332.715	-263.486	-0.066052	-1	0.0120043	3.99804	3.9	
332.867	-262.744	-0.0683788	-1	0.0084772	4.08491	3.9	
332.948	-262.323	-0.0619381	-1	0.0140702	3.90642	3.9	
333.038	-261.891	-0.0614256	-1	0.0131756	3.83754	4	
333.19	-261.149	-0.056896	-1	0.0163876	3.90612	4	
333.252	-260.839	-0.046635	-1	0.0250099	3.92448	4	
333.315	-260.517	-0.0524576	-1	0.0166863	3.90649	4	
333.512	-259.564	-0.0495305	-1	0.0179448	3.94864	3.9	
333.593	-259.132	-0.0393619	-1	0.0263189	3.82565	3.9	
333.683	-258.711	-0.042751	-1	0.0202979	3.81453	3.9	
333.826	-257.969	-0.0241553	-1	0.0368638	3.64864	3.9	
333.916	-257.537	-0.0298499	-1	0.0274829	3.59155	3.8	
334.005	-257.116	-0.0266239	-1	0.0279605	3.83115	3.7	
334.113	-256.584	-0.0289174	-1	0.022871	3.79446	3.7	
334.238	-255.941	-0.0235721	-1	0.0259292	3.69186	3.7	
334.328	-255.52	-0.0281313	-1	0.0187771	3.75843	3.6	
334.48	-254.778	-0.0254269	-1	0.0196038	3.77379	3.6	
334.561	-254.346	-0.0184903	-1	0.02458	3.7226	3.6	
334.668	-253.803	-0.0186447	-1	0.0219676	3.60489	3.7	
334.803	-253.161	-0.0175484	-1	0.0208671	3.83618	3.7	
334.892	-252.728	-0.022026	-1	0.0143028	3.86001	3.7	
334.973	-252.285	-0.0133581	-1	0.0215405	3.62445	3.7	
335.134	-251.521	-0.0172703	-1	0.0154742	3.85232	3.7	
335.197	-251.199	-0.0167089	-1	0.0144881	3.83582	3.8	
335.331	-250.535	-0.0191437	-1	0.0106046	3.79665	3.8	
335.466	-249.87	-0.018072	-1	0.0106158	3.84055	3.8	
335.537	-249.538	-0.0230086	-1	0.00461763	3.89895	3.8	
335.6	-249.205	-0.0203157	-1	0.00684878	3.95831	3.7	
335.806	-248.208	-0.028905	-1	-0.00242542	3.97774	3.8	
335.877	-247.876	-0.0303345	-1	-0.00361238	4.07356	3.8	
335.967	-247.433	-0.0319135	-1	-0.0048301	4.03336	3.8	
336.146	-246.535	-0.0406157	-1	-0.0130494	3.94148	3.9	
336.191	-246.313	-0.036184	-1	-0.00731273	3.95921	3.9	
336.308	-245.748	-0.0393353	-1	-0.00973274	3.94588	3.9	
336.487	-244.851	-0.0372481	-1	-0.00667223	3.86722	3.9	
336.576	-244.408	-0.0374473	-1	-0.00620418	3.83411	3.9	
336.693	-243.843	-0.0368249	-1	-0.00496145	3.85764	3.9	
336.809	-243.289	-0.036823	-1	-0.00446338	3.974	3.9	
336.872	-242.945	-0.0323754	-1	0.000430546	3.76766	3.9	
337.033	-242.17	-0.0383724	-1	-0.00560945	3.85603	3.9	
337.168	-241.494	-0.0320392	-1	0.00128468	3.94786	3.8	
337.257	-241.051	-0.0358102	-1	-0.00261478	3.83679	3.8	
337.355	-240.597	-0.0380312	-1	-0.00457435	3.96384	3.8	
337.508	-239.821	-0.0348147	-1	-0.000900409	3.96081	3.9	
337.553	-239.588	-0.0267266	-1	0.00727773	3.83978	3.9	
337.714	-238.813	-0.0283074	-1	0.00496915	3.92083	3.9	
337.857	-238.137	-0.0340463	-1	-0.00126663	3.99323	3.8	
337.947	-237.694	-0.0297959	-1	0.00311046	4.07447	3.8	
338.036	-237.251	-0.0351417	-1	-0.00254638	4.02941	3.9	
338.197	-236.464	-0.0352259	-1	-0.00237601	4.18704	3.9	
338.242	-236.242	-0.039587	-1	-0.00649949	4.13333	3.9	
338.403	-235.456	-0.0422489	-1	-0.00851143	4.15732	4	
338.538	-234.78	-0.0379588	-1	-0.00337021	4.13167	4	
338.609	-234.448	-0.0457605	-1	-0.0108349	4.28861	4.1	
338.672	-234.104	-0.0398414	-1	-0.00383226	4.09644	4.1	
338.887	-233.085	-0.0535387	-1	-0.0171464	4.18926	4.1	
338.932	-232.852	-0.0497812	-1	-0.0116742	4.23867	4.1	
339.12	-231.944	-0.0595961	-1	-0.0203217	4.31844	4.2	
339.191	-231.589	-0.0554726	-1	-0.014166	4.24356	4.2	
339.308	-231.024	-0.0588871	-1	-0.0161639	4.3339	4.2	
339.469	-230.215	-0.0586434	-1	-0.0143039	4.16738	4.2	
339.568	-229.75	-0.0601574	-1	-0.0143874	4.30169	4.2	
339.657	-229.285	-0.0598852	-1	-0.0126765	4.21174	4.2	
339.854	-228.354	-0.0637119	-1	-0.0152356	4.34336	4.3	
339.899	-228.121	-0.0604817	-1	-0.0104818	4.28727	4.3	
340.069	-227.302	-0.0677647	-1	-0.0167167	4.32659	4.3	
340.141	-226.947	-0.059479	-1	-0.00675926	4.29924	4.3	
340.275	-226.249	-0.0553462	-1	-0.00195049	4.27069	4.3	
340.374	-225.784	-0.0568582	-1	-0.00326746	4.31675	4.3	
340.472	-225.307	-0.0592495	-1	-0.00533201	4.30875	4.3	
340.642	-224.487	-0.0665349	-1	-0.0120843	4.50334	4.3	
340.759	-223.9	-0.0624391	-1	-0.00677997	4.4076	4.4	
340.83	-223.546	-0.0499661	-1	0.006371	4.374	4.4	
341.001	-222.726	-0.0592894	-1	-0.00358937	4.38105	4.4	
341.117	-222.139	-0.0551828	-1	0.000876116	4.42319	4.4	
341.189	-221.784	-0.052538	-1	0.00343335	4.39387	4.4	
341.314	-221.197	-0.0542454	-1	0.00138258	4.38681	4.4	
341.502	-220.255	-0.0537168	-1	0.00177291	4.46823	4.4	
341.556	-220.023	-0.0595417	-1	-0.0042293	4.55286	4.4	
341.672	-219.435	-0.0572423	-1	-0.00150689	4.59262	4.4	
341.869	-218.483	-0.0642309	-1	-0.00834488	4.61523	4.4	
341.914	-218.239	-0.0564058	-1	0.000314787	4.47611	4.4	
342.084	-217.397	-0.0558074	-1	0.000881678	4.58075	4.4	
342.21	-216.787	-0.0615661	-1	-0.0049652	4.57959	4.4	
342.281	-216.422	-0.0532857	-1	0.00381174	4.52919	4.4	
342.38	-215.934	-0.0590422	-1	-0.00232597	4.5081	4.5	
342.604	-214.826	-0.0562208	-1	0.000728055	4.49511	4.5	
342.684	-214.461	-0.0685084	-1	-0.0116324	4.73291	4.5	
342.81	-213.84	-0.0664763	-1	-0.00843705	4.65911	4.5	
342.989	-212.965	-0.0682442	-1	-0.00936118	4.66433	4.6	
343.087	-212.467	-0.0611332	-1	-0.00131408	4.72439	4.6	
343.186	-211.957	-0.0652615	-1	-0.00531097	4.62926	4.7	
343.365	-211.082	-0.0668168	-1	-0.00633522	4.60035	4.7	
343.464	-210.583	-0.0662018	-1	-0.00508664	4.53431	4.7	
343.571	-210.073	-0.0709481	-1	-0.00932435	4.62118	4.7	
343.697	-209.442	-0.0665316	-1	-0.00397539	4.52084	4.6	
343.849	-208.688	-0.0631156	-1	-0.000161875	4.62505	4.6	
343.948	-208.179	-0.0669302	-1	-0.00396029	4.59115	4.6	
344.055	-207.68	-0.0712182	-1	-0.00785225	4.70054	4.6	
344.234	-206.783	-0.0764231	-1	-0.0122719	4.63349	4.6	
344.387	-206.018	-0.0720567	-1	-0.00667826	4.59025	4.6	
344.512	-205.376	-0.0703371	-1	-0.0042909	4.59763	4.6	
344.62	-204.866	-0.0781074	-1	-0.0116321	4.70271	4.6	
344.772	-204.09	-0.0761071	-1	-0.00846856	4.64066	4.6	
344.906	-203.448	-0.0773822	-1	-0.00889678	4.7916	4.6	
345.032	-202.805	-0.0757074	-1	-0.0063323	4.70475	4.6	
345.113	-202.417	-0.0836266	-1	-0.0136183	4.77473	4.6	
345.212	-201.897	-0.076481	-1	-0.00511083	4.66708	4.7	
345.346	-201.243	-0.0876596	-1	-0.0157784	4.81179	4.7	
345.561	-200.202	-0.0911536	-1	-0.0176945	4.85665	4.7	
345.606	-199.936	-0.0809135	-1	-0.00568499	4.72911	4.7	
345.848	-198.761	-0.0923687	-1	-0.0165717	4.80684	4.7	
345.946	-198.24	-0.0863601	-1	-0.00890592	4.65648	4.8	
346.054	-197.709	-0.088563	-1	-0.0102182	4.6593	4.7	
346.134	-197.321	-0.0930874	-1	-0.0137209	4.70252	4.7	
346.341	-196.268	-0.0866517	-1	-0.00591301	4.62159	4.7	
346.395	-196.002	-0.0943003	-1	-0.0129703	4.64771	4.7	
346.529	-195.349	-0.0991497	-1	-0.0165227	4.74794	4.7	
346.735	-194.296	-0.0946933	-1	-0.010414	4.58616	4.7	
346.789	-194.041	-0.10249	-1	-0.0171692	4.65008	4.7	
346.968	-193.122	-0.0971256	-1	-0.010088	4.39291	4.7	
347.121	-192.335	-0.0936839	-1	-0.00563749	4.1996	4.7	
347.229	-191.803	-0.0932119	-1	-0.00460174	4.11416	4.5	
347.408	-190.895	-0.1014	-1	-0.01233	4.1011	4.4	
347.462	-190.629	-0.10118	-1	-0.0108763	3.93988	4.3	
347.569	-190.108	-0.102616	-1	-0.011225	4.02258	4.2	
347.668	-189.587	-0.0956897	-1	-0.00317625	3.78798	4	
347.901	-188.402	-0.0959088	-1	-0.00307767	3.76818	3.8	
348.009	-187.881	-0.097347	-1	-0.00420815	3.78002	3.8	
348.134	-187.227	-0.0958814	-1	-0.00232178	3.70065	3.8	
348.296	-186.441	-0.106978	-1	-0.0131857	3.6617	3.8	
348.403	-185.92	-0.111301	-1	-0.0161905	3.83244	3.7	
348.502	-185.399	-0.109126	-1	-0.0123965	3.76468	3.6	
348.681	-184.479	-0.109855	-1	-0.0118862	3.67915	3.7	
348.735	-184.214	-0.112485	-1	-0.0133271	3.69031	3.6	
348.941	-183.161	-0.112787	-1	-0.0122965	3.71758	3.6	
349.022	-182.773	-0.122343	-1	-0.0206232	3.81507	3.6	
349.175	-181.975	-0.119988	-1	-0.0162052	3.73962	3.6	
349.282	-181.455	-0.123394	-1	-0.0179908	3.70055	3.6	
349.462	-180.524	-0.119898	-1	-0.012696	3.66533	3.6	
349.596	-179.859	-0.118612	-1	-0.0101399	3.73234	3.7	
349.677	-179.449	-0.121098	-1	-0.0116124	3.72992	3.7	
349.784	-178.917	-0.124604	-1	-0.0139567	3.76127	3.8	
349.973	-177.976	-0.126858	-1	-0.0148156	3.71341	3.8	
350.107	-177.311	-0.13099	-1	-0.0174655	3.74363	3.8	
350.188	-176.901	-0.130741	-1	-0.01547	3.59348	3.8	
350.43	-175.682	-0.124225	-1	-0.00740764	3.38141	3.9	
350.484	-175.416	-0.12596	-1	-0.00840187	3.34126	3.8	
350.591	-174.873	-0.128359	-1	-0.0099603	3.25215	3.4	
350.726	-174.197	-0.121982	-1	-0.00258757	3.12874	3.4	
350.932	-173.112	-0.109701	-1	0.00995194	2.88321	3.4	
350.986	-172.846	-0.100635	-1	0.0180233	2.81924	3.3	
351.094	-172.303	-0.103239	-1	0.0136172	2.65851	3.1	
351.336	-171.084	-0.0982681	-1	0.017226	2.55241	2.9	
351.417	-170.685	-0.0892561	-1	0.0245154	2.5274	2.7	
351.524	-170.142	-0.0916542	-1	0.0196657	2.48181	2.6	
351.739	-169.067	-0.086181	-1	0.0231724	2.48397	2.6	
351.793	-168.79	-0.086753	-1	0.0202832	2.32892	2.5	
351.954	-167.993	-0.0929916	-1	0.0120163	2.41179	2.5	
352.151	-167.051	-0.0942362	-1	0.00957005	2.5187	2.3	
352.259	-166.508	-0.0970231	-1	0.00582614	2.48163	2.3	
352.42	-165.71	-0.0918979	-1	0.0103687	2.42741	2.4	
352.555	-165.035	-0.0934307	-1	0.00779899	2.48897	2.3	
352.671	-164.503	-0.106811	-1	-0.00636106	2.71034	2.3	
352.751	-164.104	-0.103527	-1	-0.00244154	2.65826	2.4	
352.966	-163.029	-0.110408	-1	-0.00907779	2.76521	2.4	
353.02	-162.763	-0.103337	-1	-0.00109937	2.7855	2.5	
353.128	-162.232	-0.105876	-1	-0.00352791	2.82204	2.6	
353.37	-161.035	-0.109873	-1	-0.00717213	2.79179	2.6	
353.459	-160.636	-0.117959	-1	-0.0145414	2.93596	2.7	
353.593	-159.971	-0.119423	-1	-0.0145509	2.96429	2.8	
353.79	-159.041	-0.129889	-1	-0.0235618	3.17526	2.8	
353.897	-158.509	-0.132457	-1	-0.0237739	3.21824	2.8	
354.013	-157.977	-0.13362	-1	-0.022559	3.33295	3	
354.202	-157.047	-0.133835	-1	-0.0205183	3.38086	3.1	
354.309	-156.515	-0.127566	-1	-0.0121973	3.34555	3.1	
354.479	-155.717	-0.136125	-1	-0.0195372	3.48786	3.1	
354.64	-154.931	-0.129571	-1	-0.0110295	3.68295	3.3	
354.694	-154.665	-0.131207	-1	-0.0115618	3.69054	3.4	
354.837	-154	-0.138196	-1	-0.0173946	3.75898	3.5	
354.944	-153.479	-0.131666	-1	-0.00912606	3.74838	3.6	
355.132	-152.549	-0.121005	-1	0.00244773	3.90939	3.6	
355.267	-151.895	-0.123406	-1	-0.000197678	3.94004	3.6	
355.347	-151.496	-0.120847	-1	0.00238103	3.94645	3.8	
355.49	-150.843	-0.122827	-1	0.000162599	4.13348	3.9	
355.705	-149.801	-0.118701	-1	0.00427265	4.26623	3.9	
355.759	-149.546	-0.118705	-1	0.00384136	4.31067	3.9	
355.866	-149.014	-0.117025	-1	0.00513697	4.34873	4	
356.108	-147.851	-0.112034	-1	0.0096143	4.42676	4.2	
356.188	-147.463	-0.11412	-1	0.0065671	4.41146	4.4	
356.349	-146.688	-0.107484	-1	0.0125462	4.45447	4.4	
356.51	-145.912	-0.107988	-1	0.0107878	4.4925	4.4	
356.591	-145.525	-0.101235	-1	0.0164622	4.50032	4.4	
356.725	-144.882	-0.102571	-1	0.0134794	4.52048	4.4	
356.913	-143.985	-0.108364	-1	0.00633913	4.56507	4.4	
357.02	-143.475	-0.110607	-1	0.00346183	4.60108	4.5	
357.119	-142.954	-0.100921	-1	0.012802	4.49771	4.5	
357.334	-141.935	-0.0937019	-1	0.0187407	4.44819	4.5	
357.387	-141.68	-0.0972209	-1	0.0133476	4.47494	4.5	
357.575	-140.794	-0.0981563	-1	0.0110774	4.62751	4.5	
357.701	-140.151	-0.0928745	-1	0.0152515	4.52479	4.5	
357.808	-139.642	-0.0953014	-1	0.0112995	4.52922	4.5	
357.969	-138.877	-0.0972304	-1	0.00824049	4.58273	4.5	
358.095	-138.246	-0.0930827	-1	0.0115641	4.61099	4.5	
358.202	-137.736	-0.0945204	-1	0.00897006	4.63014	4.5	
358.363	-136.972	-0.0964491	-1	0.00614429	4.65155	4.6	
358.443	-136.595	-0.099865	-1	0.00211395	4.65785	4.6	
358.596	-135.831	-0.104454	-1	-0.00268654	4.69579	4.6	
358.703	-135.321	-0.102751	-1	-0.000714485	4.66443	4.7	
358.837	-134.69	-0.107937	-1	-0.00582917	4.84181	4.6	
358.99	-133.925	-0.110473	-1	-0.00778258	4.75909	4.6	
359.097	-133.415	-0.111719	-1	-0.00825016	4.92049	4.7	
359.222	-132.784	-0.107559	-1	-0.00326534	4.77577	4.7	
359.383	-132.019	-0.109668	-1	-0.00504777	4.9091	4.8	
359.491	-131.51	-0.110909	-1	-0.00578371	4.91303	4.8	
359.589	-131	-0.113741	-1	-0.00803697	4.75553	4.8	
359.777	-130.114	-0.119706	-1	-0.0131985	4.95089	4.8	
359.903	-129.471	-0.114428	-1	-0.00660042	4.94998	4.8	
359.983	-129.095	-0.114917	-1	-0.0064294	4.93568	4.9	
360.171	-128.197	-0.116707	-1	-0.00757669	4.95511	4.9	
360.27	-127.688	-0.109693	-1	0.000194543	4.92967	4.9	
360.431	-126.923	-0.113788	-1	-0.00391961	4.89787	4.9	
360.538	-126.414	-0.118292	-1	-0.00803146	4.96854	4.9	
360.717	-125.516	-0.113688	-1	-0.00262427	4.90847	4.9	
360.825	-125.006	-0.117253	-1	-0.0059272	4.92619	4.9	
360.923	-124.497	-0.111227	-1	0.000691483	4.93693	4.9	
361.111	-123.599	-0.115055	-1	-0.003206	4.96933	4.9	
361.219	-123.09	-0.123117	-1	-0.0109467	5.04665	4.9	
361.317	-122.569	-0.116366	-1	-0.0031018	4.91972	4.9	
361.425	-122.059	-0.116367	-1	-0.0027918	5.05659	4.9	
361.613	-121.162	-0.12056	-1	-0.00670569	5.11123	4.9	
361.747	-120.519	-0.122835	-1	-0.00831034	5.20595	4.9	
361.854	-119.999	-0.124369	-1	-0.00901366	5.22884	5	
362.007	-119.234	-0.12464	-1	-0.00838267	5.14824	5	
362.114	-118.714	-0.124114	-1	-0.00701909	5.19659	5	
362.221	-118.204	-0.126314	-1	-0.00851685	5.28743	5.1	
362.401	-117.306	-0.128709	-1	-0.0100604	5.23434	5.1	
362.508	-116.797	-0.130107	-1	-0.0104517	5.3072	5.1	
362.66	-116.032	-0.134429	-1	-0.0137289	5.31078	5.1	
362.768	-115.512	-0.12957	-1	-0.00749701	5.30967	5.2	
362.893	-114.88	-0.136503	-1	-0.0136801	5.27456	5.3	
363.054	-114.116	-0.137399	-1	-0.0132085	5.34837	5.3	
363.207	-113.351	-0.139882	-1	-0.0143703	5.20117	5.3	
363.341	-112.709	-0.141942	-1	-0.0149939	5.23185	5.3	
363.466	-112.077	-0.148017	-1	-0.0195689	5.19171	5.4	
363.619	-111.313	-0.141658	-1	-0.0112534	5.10772	5.3	
363.672	-111.058	-0.149672	-1	-0.0181422	5.17489	5.3	
363.798	-110.426	-0.146762	-1	-0.0134178	5.11764	5.3	
363.977	-109.529	-0.142873	-1	-0.008187	5.00874	5.2	
364.085	-109.019	-0.150498	-1	-0.0149934	4.98448	5.2	
364.183	-108.521	-0.146139	-1	-0.00913514	4.93892	5.2	
364.309	-107.878	-0.144571	-1	-0.00665324	4.85323	5.1	
364.461	-107.113	-0.148041	-1	-0.00945782	4.83308	5	
364.569	-106.604	-0.149232	-1	-0.00970311	4.75858	5	
364.694	-105.961	-0.151899	-1	-0.0113998	4.71631	5	
364.847	-105.197	-0.148479	-1	-0.00683989	4.67019	4.9	
364.999	-104.432	-0.148754	-1	-0.00643111	4.51115	4.9	
365.106	-103.911	-0.151178	-1	-0.0082113	4.58256	4.7	
365.259	-103.147	-0.154454	-1	-0.0106664	4.61429	4.7	
365.385	-102.493	-0.148349	-1	-0.00349529	4.35588	4.6	
365.483	-101.984	-0.145226	-1	-2.19658e-05	4.25703	4.6	
365.591	-101.463	-0.146667	-1	-0.00146096	4.30798	4.4	
365.716	-100.82	-0.142261	-1	0.00309111	4.26178	4.3	
365.869	-100.033	-0.142506	-1	0.00253714	4.13678	4.3	
365.976	-99.5128	-0.139465	-1	0.00532387	4.21698	4.3	
366.102	-98.8701	-0.139936	-1	0.00432108	4.02736	4.2	
366.263	-98.0724	-0.138447	-1	0.00537722	4.01987	4.2	
366.371	-97.5517	-0.142832	-1	0.000455259	4.08501	4.2	
366.47	-97.0198	-0.136667	-1	0.00657413	3.92565	4	
366.658	-96.0892	-0.140794	-1	0.00178986	3.9897	4	
366.819	-95.2914	-0.144782	-1	-0.00237694	4.07391	4	
366.9	-94.8926	-0.135817	-1	0.00682548	4.08004	4	
367.061	-94.0949	-0.138071	-1	0.00388851	3.97664	4	
367.195	-93.419	-0.137581	-1	0.00398975	3.98533	4	
367.276	-93.0202	-0.139202	-1	0.00197001	3.96935	3.9	
367.411	-92.3443	-0.139692	-1	0.00128338	3.96685	3.9	
367.626	-91.2585	-0.142594	-1	-0.00174679	3.94919	3.9	
367.68	-90.9926	-0.130119	-1	0.0109025	3.96291	3.9	
367.868	-90.0508	-0.137716	-1	0.0022152	3.98079	3.9	
368.002	-89.3749	-0.137219	-1	0.00249095	3.8841	3.9	
368.083	-88.9761	-0.139841	-1	-0.000380321	3.92415	3.9	
368.217	-88.3002	-0.128783	-1	0.0107161	3.92144	3.9	
368.433	-87.2255	-0.129926	-1	0.00850135	4.08073	3.9	
368.486	-86.9596	-0.135327	-1	0.00225012	4.13989	3.9	
368.594	-86.4278	-0.123628	-1	0.0137239	4.11913	3.9	
368.836	-85.2201	-0.127316	-1	0.00866362	4.20326	3.9	
368.916	-84.8213	-0.129954	-1	0.0051596	4.11122	3.9	
369.051	-84.1565	-0.125116	-1	0.00948144	4.15185	4	
369.239	-83.2147	-0.127988	-1	0.00566125	4.19131	4	
369.338	-82.6828	-0.121061	-1	0.012022	4.12206	4	
369.419	-82.284	-0.121076	-1	0.010805	4.16528	4.1	
369.634	-81.2093	-0.121213	-1	0.00958694	4.20593	4.2	
369.688	-80.9434	-0.125566	-1	0.00427601	4.25221	4.1	
369.876	-80.0127	-0.118852	-1	0.0105621	4.26895	4.2	
370.037	-79.215	-0.121106	-1	0.00725156	4.35818	4.2	
370.145	-78.6832	-0.12262	-1	0.00501271	4.30312	4.1	
370.279	-78.0184	-0.124028	-1	0.00310335	4.36399	4.2	
370.413	-77.3425	-0.124498	-1	0.00232329	4.38333	4.2	
370.548	-76.6778	-0.124886	-1	0.0017029	4.47326	4.2	
370.655	-76.146	-0.126407	-1	1.16896e-05	4.48734	4.2	
370.843	-75.2264	-0.123588	-1	0.00282919	4.50776	4.3	
370.942	-74.6945	-0.115663	-1	0.0104713	4.36577	4.3	
371.104	-73.8968	-0.116942	-1	0.00814517	4.44351	4.4	
371.238	-73.232	-0.119335	-1	0.00493769	4.39687	4.4	
371.345	-72.7002	-0.120854	-1	0.00292467	4.41961	4.4	
371.399	-72.4343	-0.120611	-1	0.00287502	4.4399	4.5	
371.641	-71.2377	-0.124498	-1	-0.00129949	4.48977	4.5	
371.722	-70.8389	-0.126767	-1	-0.00343864	4.48033	4.5	
371.856	-70.1741	-0.118619	-1	0.00505331	4.37971	4.5	
372.044	-69.2435	-0.12441	-1	-0.00124253	4.46331	4.4	
372.143	-68.7116	-0.11814	-1	0.00515166	4.36648	4.5	
372.305	-67.9138	-0.125969	-1	-0.00319281	4.25516	4.5	
372.466	-67.1161	-0.13258	-1	-0.00948458	4.28507	4.4	
372.546	-66.7173	-0.129863	-1	-0.00581905	4.3186	4.3	
372.708	-65.9196	-0.125907	-1	-0.00128118	4.21135	4.3	
372.869	-65.1218	-0.131855	-1	-0.00710055	4.21978	4.3	
372.923	-64.8559	-0.131612	-1	-0.0061476	4.21563	4.3	
373.049	-64.1911	-0.125571	-1	0.000507905	4.0705	4.3	
373.183	-63.5263	-0.128944	-1	-0.00291572	4.0799	4.2	
373.344	-62.7286	-0.13319	-1	-0.00687067	4.11171	4.1	
373.452	-62.1968	-0.134702	-1	-0.00769507	4.18616	4.1	
373.64	-61.2661	-0.138842	-1	-0.0110655	4.18102	4.1	
373.747	-60.7343	-0.140356	-1	-0.0114729	4.1882	4.1	
373.855	-60.2025	-0.144511	-1	-0.0144804	4.17693	4	
373.989	-59.5267	-0.13549	-1	-0.00401216	4.10484	4.1	
374.151	-58.7289	-0.142369	-1	-0.01049	4.07615	4.1	
374.258	-58.186	-0.141984	-1	-0.00905561	4.00292	4	
374.366	-57.6542	-0.144485	-1	-0.0106509	4.07985	4	
374.554	-56.7125	-0.137852	-1	-0.0029529	3.97572	4	
374.688	-56.0477	-0.141239	-1	-0.00604504	3.92445	4.1	
374.778	-55.6378	-0.149416	-1	-0.0136171	4.09572	4	
374.921	-54.9731	-0.162237	-1	-0.0250763	4.15472	3.9	
375.136	-53.8984	-0.155484	-1	-0.0158161	4.1705	3.9	
375.19	-53.6214	-0.155343	-1	-0.0140932	4.10253	4.1	
375.324	-52.9455	-0.159393	-1	-0.0167341	4.01545	4.1	
375.539	-51.8708	-0.153097	-1	-0.00876417	3.98811	4	
375.593	-51.6049	-0.152857	-1	-0.00764838	3.96747	4	
375.701	-51.062	-0.154493	-1	-0.00851935	3.9574	4	
375.951	-49.8433	-0.163026	-1	-0.0162004	4.00044	4	
376.032	-49.4334	-0.162752	-1	-0.0143066	3.89745	3.9	
376.158	-48.7574	-0.145951	-1	0.00392526	3.77825	3.8	
376.346	-47.8046	-0.148734	-1	0.000749881	3.71565	3.9	
376.454	-47.2727	-0.147836	-1	0.00157324	3.58108	3.9	
376.57	-46.7299	-0.145977	-1	0.00327464	3.70934	3.7	
376.704	-46.0541	-0.146863	-1	0.0020615	3.72791	3.6	
376.866	-45.2563	-0.144731	-1	0.00398686	3.65183	3.6	
376.973	-44.7134	-0.142331	-1	0.00598882	3.55417	3.6	
377.108	-44.0487	-0.145079	-1	0.00264123	3.66931	3.6	
377.278	-43.251	-0.150545	-1	-0.00308833	3.72935	3.6	
377.385	-42.7192	-0.15575	-1	-0.00798507	3.72553	3.6	
377.484	-42.1873	-0.144822	-1	0.00374184	3.51721	3.6	
377.672	-41.2567	-0.142944	-1	0.00524558	3.45857	3.6	
377.806	-40.603	-0.143215	-1	0.00444958	3.42918	3.5	
377.887	-40.2152	-0.142762	-1	0.00445843	3.31657	3.5	
378.013	-39.5615	-0.130292	-1	0.0164821	3.19715	3.5	
378.227	-38.5201	-0.139256	-1	0.00586962	3.31375	3.5	
378.281	-38.2653	-0.140936	-1	0.00360345	3.34426	3.3	
378.46	-37.3678	-0.129057	-1	0.015122	3.30971	3.2	
378.595	-36.7253	-0.137116	-1	0.00555047	3.36125	3.2	
378.675	-36.3486	-0.140802	-1	0.00130967	3.45021	3.2	
378.774	-35.8389	-0.132688	-1	0.00929196	3.4143	3.2	
379.007	-34.6977	-0.134548	-1	0.00650319	3.53591	3.2	
379.087	-34.3211	-0.13286	-1	0.00754138	3.62224	3.2	
379.213	-33.6895	-0.128657	-1	0.0109898	3.63208	3.3	
379.347	-33.0692	-0.133769	-1	0.0047786	3.87515	3.4	
379.499	-32.3158	-0.134107	-1	0.00396336	3.90951	3.5	
379.598	-31.8172	-0.127943	-1	0.00973084	3.99187	3.5	
379.777	-30.953	-0.132986	-1	0.00371416	4.03825	3.6	
379.911	-30.3216	-0.130244	-1	0.00608514	4.26632	3.8	
380.036	-29.7011	-0.135705	-1	1.53337e-05	4.39248	3.9	
380.143	-29.2026	-0.13591	-1	-0.000190742	4.44697	4	
380.215	-28.8259	-0.128982	-1	0.00675612	4.46884	4.2	
380.421	-27.8288	-0.130914	-1	0.00414898	4.58952	4.3	
380.475	-27.5851	-0.134386	-1	0.000261736	4.7635	4.3	
380.654	-26.7098	-0.126802	-1	0.00781953	4.80007	4.4	
380.788	-26.0894	-0.131766	-1	0.00207319	5.0265	4.5	
380.859	-25.7127	-0.132639	-1	0.000993279	5.04491	4.7	
381.047	-24.8375	-0.134323	-1	-0.00078969	5.20313	4.8	
381.173	-24.2171	-0.127946	-1	0.00566628	5.20746	4.9	
381.253	-23.8404	-0.12739	-1	0.00565485	5.34843	5.1	
381.432	-22.9652	-0.121626	-1	0.0108537	5.35649	5.1	
381.558	-22.3336	-0.112298	-1	0.0190961	5.27675	5.2	
381.683	-21.7132	-0.102054	-1	0.0274312	5.33829	5.2	
381.817	-21.0817	-0.100153	-1	0.026589	5.32685	5.2	
381.969	-20.3283	-0.0956559	-1	0.0284267	5.29821	5.2	
382.068	-19.8297	-0.0973608	-1	0.0238792	5.36813	5.3	
382.202	-19.2094	-0.099394	-1	0.0194581	5.53179	5.3	
382.328	-18.5778	-0.0931087	-1	0.0237976	5.41074	5.3	
382.399	-18.2011	-0.0841175	-1	0.030409	5.37849	5.4	
382.507	-17.7026	-0.0863552	-1	0.0251304	5.4242	5.4	
382.731	-16.5724	-0.0750811	-1	0.0338914	5.41357	5.4	
382.811	-16.1958	-0.0833912	-1	0.0221923	5.45933	5.4	
382.883	-15.819	-0.0731788	-1	0.0301854	5.31286	5.4	
383.116	-14.689	-0.0812608	-1	0.0190849	5.37485	5.5	
383.188	-14.3122	-0.070975	-1	0.0274622	5.31679	5.5	
383.322	-13.6808	-0.0767359	-1	0.018955	5.41631	5.4	
383.492	-12.8054	-0.0701292	-1	0.0236663	5.28849	5.4	
383.6	-12.3069	-0.0802462	-1	0.0111826	5.26098	5.4	
383.698	-11.7972	-0.0785263	-1	0.0117843	5.07671	5.4	
383.877	-10.922	-0.0762331	-1	0.012899	5.07981	5.3	
383.976	-10.4123	-0.0779996	-1	0.00984264	4.9387	5.2	
384.083	-9.91377	-0.0880882	-1	-0.00123018	5.12601	5.2	
384.254	-9.02734	-0.0818386	-1	0.00514235	4.94275	5.1	
384.361	-8.52883	-0.0919189	-1	-0.00545216	5.04715	4.9	
384.46	-8.01914	-0.0936729	-1	-0.00666091	5.05611	4.9	
384.63	-7.14381	-0.0956976	-1	-0.00801953	4.87007	5	
384.738	-6.63419	-0.099438	-1	-0.010958	4.81509	5	
384.89	-5.8808	-0.102709	-1	-0.0131328	4.87798	4.9	
385.016	-5.24925	-0.10524	-1	-0.0143508	4.92618	4.8	
385.087	-4.87251	-0.104364	-1	-0.0120402	4.86189	4.8	
385.267	-3.98616	-0.113032	-1	-0.0195033	5.00893	4.8	
385.374	-3.47655	-0.118067	-1	-0.0225882	5.07838	4.8	
385.473	-2.96686	-0.117071	-1	-0.0193333	5.01894	4.8	
385.598	-2.33531	-0.120584	-1	-0.0209133	5.12184	5	
385.751	-1.57082	-0.125729	-1	-0.0239674	5.03068	5	
385.858	-1.0612	-0.127041	-1	-0.0228824	5.02338	5	
386.029	-0.174775	-0.122762	-1	-0.0163154	4.87327	5	
386.127	0.334916	-0.126495	-1	-0.0184165	4.87853	5	
386.235	0.844528	-0.136668	-1	-0.0267475	4.89138	5	
386.414	1.74198	-0.141785	-1	-0.0291902	4.80322	4.9	
386.513	2.25167	-0.131794	-1	-0.0162799	4.77919	4.9	
386.611	2.76136	-0.135506	-1	-0.0183636	4.67042	4.9	
386.746	3.39283	-0.139536	-1	-0.0205577	4.73544	4.9	
386.898	4.16842	-0.141014	-1	-0.0199795	4.56802	4.8	
386.997	4.67811	-0.136826	-1	-0.0137942	4.44124	4.7	
387.096	5.1989	-0.136687	-1	-0.0122756	4.4717	4.5	
387.275	6.09635	-0.13793	-1	-0.012291	4.35381	4.5	
387.401	6.739	-0.138557	-1	-0.0116893	4.23033	4.5	
387.481	7.12676	-0.140066	-1	-0.0120294	4.22653	4.4	
387.66	8.0353	-0.133541	-1	-0.00430059	4.14908	4.3	
387.795	8.67787	-0.146529	-1	-0.0168589	4.21659	4.3	
387.92	9.32051	-0.141234	-1	-0.00987812	4.21215	4.2	
388.055	9.97418	-0.151361	-1	-0.0190176	4.20074	4.2	
388.18	10.6168	-0.145092	-1	-0.0108461	4.23034	4.2	
388.261	11.0046	-0.15155	-1	-0.0162203	4.26677	4.1	
388.386	11.6583	-0.145376	-1	-0.00842408	4.21743	4.1	
388.593	12.6998	-0.148593	-1	-0.0107979	4.11755	4.1	
388.665	13.0877	-0.139703	-1	-0.000828784	4.101	4.1	
388.826	13.8743	-0.152668	-1	-0.0137104	4.11658	4.1	
388.925	14.3951	-0.148563	-1	-0.00823452	4.13112	4.1	
389.104	15.3147	-0.136313	-1	0.00483829	3.9404	4.1	
389.212	15.8354	-0.149494	-1	-0.0088258	4.07582	4.1	
389.319	16.3561	-0.154758	-1	-0.013208	4.09366	4.1	
389.499	17.2758	-0.146375	-1	-0.0035037	4.02258	4.1	
389.597	17.7966	-0.139334	-1	0.0038872	3.82898	4	
389.759	18.5832	-0.150342	-1	-0.00750951	3.80377	4	
389.884	19.2369	-0.143192	-1	0.000392291	3.63196	3.9	
389.992	19.7687	-0.141716	-1	0.00182912	3.57967	3.9	
390.099	20.2895	-0.143105	-1	0.00025633	3.67882	3.8	
390.279	21.198	-0.142564	-1	0.000771676	3.55918	3.6	
390.404	21.8517	-0.135437	-1	0.00782174	3.45202	3.5	
390.485	22.2506	-0.136949	-1	0.0055282	3.44956	3.5	
390.592	22.7713	-0.138343	-1	0.00358071	3.44696	3.5	
390.772	23.6799	-0.140694	-1	0.000871587	3.32135	3.4	
390.906	24.3335	-0.140982	-1	0.000496284	3.3357	3.3	
390.978	24.7214	-0.134065	-1	0.0073636	3.22498	3.3	
391.112	25.3639	-0.13804	-1	0.00265289	3.28746	3.2	
391.318	26.4054	-0.135527	-1	0.00490044	3.19809	3.2	
391.364	26.6603	-0.129733	-1	0.0102041	3.09217	3.2	
391.551	27.5688	-0.14024	-1	-0.00132346	3.05203	3.1	
391.677	28.2114	-0.133975	-1	0.00507471	2.99081	3.1	
391.758	28.5992	-0.130886	-1	0.00765598	3.01382	3	
391.937	29.4966	-0.135739	-1	0.00203765	3.04009	3	
392.044	30.0174	-0.133607	-1	0.00396579	3.23956	2.9	
392.197	30.793	-0.133147	-1	0.00402842	3.19267	3	
392.322	31.4245	-0.131282	-1	0.00549104	3.18153	3	
392.457	32.0671	-0.136934	-1	-0.000709915	3.3896	3	
392.537	32.4548	-0.137475	-1	-0.00117977	3.41771	3.1	
392.743	33.4852	-0.136695	-1	-0.000281832	3.5558	3.1	
392.788	33.7401	-0.133228	-1	0.0032134	3.47693	3.3	
392.896	34.2497	-0.139171	-1	-0.00305169	3.59636	3.3	
393.129	35.402	-0.134483	-1	0.00194222	3.80633	3.4	
393.209	35.7786	-0.144825	-1	-0.00859434	3.91747	3.5	
393.29	36.1664	-0.145332	-1	-0.0082416	4.09422	3.6	
393.522	37.3076	-0.134188	-1	0.00372608	4.2326	4	
393.603	37.6953	-0.136839	-1	0.000702625	4.23589	3.9	
393.702	38.205	-0.129771	-1	0.00770024	4.25791	4	
393.908	39.2132	-0.135901	-1	0.000800679	4.37592	4	
393.961	39.468	-0.13445	-1	0.0021715	4.65056	4.1	
394.149	40.3543	-0.136232	-1	0.000172178	5.05916	4.2	
394.301	41.1188	-0.127767	-1	0.00861979	5.06807	4.5	
394.4	41.6174	-0.119468	-1	0.016057	5.19507	4.7	
394.507	42.127	-0.120892	-1	0.0130273	5.33575	4.8	
394.687	43.0133	-0.114241	-1	0.0183751	5.59458	4.9	
394.74	43.2681	-0.119054	-1	0.011725	5.60566	5.1	
394.946	44.2764	-0.112211	-1	0.0173957	5.97502	5.3	
395.027	44.653	-0.111648	-1	0.0162192	6.09445	5.5	
395.179	45.4064	-0.107157	-1	0.0190879	6.23793	5.7	
395.286	45.916	-0.0995964	-1	0.0247399	6.32027	5.9	
395.465	46.7913	-0.0904679	-1	0.0313944	6.42361	6	
395.591	47.4228	-0.0865144	-1	0.0322084	6.49046	6.3	
395.716	48.0544	-0.0792015	-1	0.0363005	6.48066	6.3	
395.824	48.564	-0.0883661	-1	0.0235059	6.57095	6.3	
395.895	48.9407	-0.0839528	-1	0.0255685	6.55682	6.4	
396.101	49.9489	-0.0754131	-1	0.0315514	6.60789	6.5	
396.146	50.1927	-0.0685279	-1	0.0352815	6.5411	6.6	
396.272	50.8242	-0.0700362	-1	0.030245	6.48138	6.6	
396.478	51.8325	-0.0719187	-1	0.025338	6.55879	6.6	
396.523	52.0873	-0.0641181	-1	0.0306048	6.45873	6.6	
396.622	52.5859	-0.0618005	-1	0.0298619	6.32645	6.6	
396.855	53.7271	-0.0636295	-1	0.0250467	6.36435	6.6	
396.926	54.1038	-0.0654827	-1	0.0206889	6.44013	6.6	
397.052	54.7354	-0.0679548	-1	0.0161479	6.35109	6.4	
397.222	55.6107	-0.0605545	-1	0.0219334	6.31495	6.5	
397.321	56.1204	-0.0579228	-1	0.0223718	6.24909	6.5	
397.42	56.619	-0.0682631	-1	0.00979424	6.15965	6.4	
397.59	57.5054	-0.0663761	-1	0.0107018	5.99092	6.3	
397.644	57.7602	-0.0660285	-1	0.00997926	6.04852	6.3	
397.788	58.5137	-0.0695816	-1	0.00542825	5.8165	6.3	
397.967	59.4	-0.0883893	-1	-0.0139223	5.71025	6	
398.057	59.8987	-0.0834032	-1	-0.00754392	5.65822	5.7	
398.156	60.3973	-0.0944383	-1	-0.0178247	5.72797	5.7	
398.326	61.2837	-0.10612	-1	-0.0277234	5.44332	5.7	
398.425	61.7934	-0.109735	-1	-0.0285661	5.41864	5.8	
398.551	62.425	-0.121936	-1	-0.0379109	5.27909	5.7	
398.668	63.0566	-0.127825	-1	-0.0400092	5.19177	5.4	
398.74	63.4333	-0.125538	-1	-0.0337207	5.03772	5.4	
398.928	64.4417	-0.133231	-1	-0.0380415	5.11253	5.4	
398.982	64.6965	-0.140805	-1	-0.0418121	5.17357	5.3	
399.144	65.5719	-0.140414	-1	-0.0372396	4.955	5.2	
399.27	66.2035	-0.156742	-1	-0.0498437	5.114	5.1	
399.36	66.7132	-0.143885	-1	-0.0320021	5.01672	5.1	
399.504	67.4667	-0.15156	-1	-0.0364766	4.91761	5.1	
399.602	67.9764	-0.16021	-1	-0.0414798	4.90075	5	
399.773	68.8628	-0.158422	-1	-0.0355432	4.86557	4.8	
399.863	69.3615	-0.162807	-1	-0.036374	4.85474	4.8	
400.007	70.1261	-0.159356	-1	-0.0292859	4.71375	4.8	
400.097	70.6358	-0.160411	-1	-0.0274122	4.52267	5	
400.241	71.3893	-0.160348	-1	-0.0246079	4.45144	4.8	
400.313	71.7772	-0.163878	-1	-0.025677	4.48027	4.7	
400.403	72.2869	-0.156186	-1	-0.0154171	4.35234	4.7	
400.493	72.7967	-0.157245	-1	-0.0149347	4.24941	4.7	
400.709	73.938	-0.157157	-1	-0.0133528	3.98752	4.5	
400.781	74.3258	-0.157133	-1	-0.0119934	3.83218	4.3	
400.853	74.7026	-0.158871	-1	-0.0125324	3.86792	4.2	
401.069	75.855	-0.158004	-1	-0.0104124	3.53301	4.1	
401.149	76.2317	-0.163686	-1	-0.0150525	3.50636	3.9	
401.293	76.9962	-0.157487	-1	-0.00734891	3.41939	3.6	
401.41	77.639	-0.155022	-1	-0.00414837	3.12603	3.5	
401.482	78.0268	-0.150498	-1	0.000789899	3.06456	3.5	
401.653	78.9132	-0.145919	-1	0.00528958	2.77457	3.3	
401.778	79.5559	-0.14555	-1	0.00513006	2.66995	2.7	
401.895	80.1875	-0.14483	-1	0.00533684	2.56682	2.7	
401.985	80.6973	-0.137974	-1	0.0116594	2.38326	2.7	
402.156	81.5948	-0.136129	-1	0.0123382	2.04122	2.6	
402.255	82.1045	-0.14213	-1	0.00510327	2.05521	2.4	
402.372	82.7472	-0.135173	-1	0.0115504	1.87604	2.2	
402.516	83.5118	-0.136872	-1	0.00869669	1.76397	2.1	
402.588	83.8885	-0.129746	-1	0.0149525	1.73926	1.9	
402.731	84.6531	-0.135469	-1	0.00773408	1.62835	1.9	
402.875	85.4177	-0.13905	-1	0.00338022	1.42904	1.9	
402.947	85.7944	-0.136013	-1	0.00607904	1.3137	1.9	
403.1	86.5589	-0.146242	-1	-0.00475829	1.33896	1.6	
403.217	87.2016	-0.139395	-1	0.00256493	1.24244	1.3	
403.342	87.8332	-0.144416	-1	-0.00271279	1.22705	1.4	
403.468	88.4647	-0.151276	-1	-0.00930184	1.07815	1.4	
403.62	89.2292	-0.157978	-1	-0.015073	0.913864	1.4	
403.719	89.7389	-0.1587	-1	-0.0142882	0.836733	1.2	
403.844	90.3704	-0.156936	-1	-0.0110947	0.620003	1.1	
403.961	91.0021	-0.158948	-1	-0.0119976	0.448615	1	
404.033	91.3899	-0.155129	-1	-0.0069791	0.29853	0.9	
404.132	91.8885	-0.157737	-1	-0.00888928	0.283107	0.7	
404.365	93.0297	-0.169427	-1	-0.0196898	0.277374	0.5	
404.437	93.4175	-0.164712	-1	-0.0130056	0.0780426	0.3	
404.509	93.7942	-0.163428	-1	-0.0104213	0.0413486	0.3	
404.715	94.8024	-0.16546	-1	-0.0114114	0.0325467	0.3	
404.795	95.1902	-0.165033	-1	-0.00984291	0.15088	0.2	
405.001	96.1984	-0.16915	-1	-0.0129762	0.0936543	0	
405.046	96.4533	-0.164524	-1	-0.00705195	0.0108975	0.1	
405.154	96.9629	-0.162829	-1	-0.00465191	0.00189444	0.2	
405.386	98.093	-0.161767	-1	-0.00312483	-0.0347492	0.2	
405.467	98.4807	-0.160209	-1	-0.0012545	-0.0703986	0.1	
405.539	98.8575	-0.151714	-1	0.0073658	-0.234241	0	
405.78	99.9985	-0.148963	-1	0.00937993	-0.0739233	0	
405.86	100.375	-0.14945	-1	0.00795547	-0.16717	0.1	
405.995	101.007	-0.153984	-1	0.00262606	-0.328088	0.1	
406.182	101.893	-0.138954	-1	0.0173935	-0.548041	0	
406.289	102.391	-0.140252	-1	0.0143559	-0.516905	0	
406.45	103.156	-0.134369	-1	0.0188034	-0.712067	-0.1	
406.585	103.787	-0.125915	-1	0.0253772	-0.90645	-0.3	
406.692	104.286	-0.122142	-1	0.0266124	-1.01843	-0.5	
406.799	104.795	-0.115623	-1	0.0304704	-1.23748	-0.5	
406.933	105.427	-0.109125	-1	0.0339211	-1.52985	-0.5	
407.076	106.058	-0.110854	-1	0.0287999	-1.67568	-0.9	
407.218	106.69	-0.107171	-1	0.0296032	-1.83068	-1.1	
407.415	107.576	-0.102607	-1	0.0312062	-1.92331	-1.4	
407.531	108.085	-0.104694	-1	0.0259986	-1.98154	-1.4	
407.646	108.595	-0.106108	-1	0.0219851	-2.2472	-1.5	
407.816	109.348	-0.0939619	-1	0.0319327	-2.5138	-1.8	
407.985	110.113	-0.0889271	-1	0.0337742	-2.81866	-2.1	
408.074	110.5	-0.0878768	-1	0.0314471	-2.89743	-2.3	
408.182	111.01	-0.0751159	-1	0.0410633	-3.17852	-2.5	
408.333	111.641	-0.0864177	-1	0.0256551	-3.25938	-2.7	
408.573	112.66	-0.0883604	-1	0.021147	-3.36693	-2.9	
408.635	112.915	-0.083962	-1	0.0234307	-3.4541	-3.1	
408.787	113.557	-0.0932385	-1	0.0118111	-3.52479	-3.4	
409.027	114.576	-0.0912655	-1	0.0126029	-3.69151	-3.5	
409.089	114.831	-0.0913485	-1	0.0112597	-3.72952	-3.5	
409.205	115.341	-0.0844023	-1	0.0170799	-3.98478	-3.5	
409.489	116.492	-0.0982139	-1	0.0015603	-4.13378	-3.6	
409.578	116.88	-0.0973506	-1	0.00226754	-4.39612	-3.7	
409.765	117.644	-0.095644	-1	0.00374744	-4.52969	-3.8	
409.96	118.408	-0.10451	-1	-0.00549342	-4.48231	-3.9	
410.058	118.796	-0.107767	-1	-0.00820086	-4.6562	-4.1	
410.253	119.56	-0.115422	-1	-0.0150354	-4.81569	-4.2	
410.448	120.324	-0.115168	-1	-0.0132782	-4.85764	-4.5	
410.546	120.701	-0.117266	-1	-0.0140484	-4.92361	-4.6	
410.714	121.343	-0.117928	-1	-0.0133061	-5.10494	-4.6	
410.953	122.229	-0.125141	-1	-0.0191878	-5.1924	-5.2	
411.086	122.738	-0.119836	-1	-0.0119639	-5.31592	-5.2	
411.219	123.247	-0.113597	-1	-0.00452891	-5.42821	-5.2	
411.396	123.879	-0.116316	-1	-0.00679484	-5.49101	-5.2	
411.599	124.631	-0.113669	-1	-0.00346879	-5.73697	-5.3	
411.741	125.141	-0.115895	-1	-0.00534779	-5.77651	-5.5	
411.918	125.772	-0.121201	-1	-0.0101187	-5.72364	-5.6	
412.13	126.536	-0.113009	-1	-0.000914571	-5.94355	-5.6	
412.351	127.289	-0.126361	-1	-0.0141752	-5.97418	-5.6	
412.527	127.92	-0.113743	-1	-0.000140399	-6.21334	-5.7	
412.677	128.418	-0.125461	-1	-0.0118442	-6.15845	-5.9	
412.819	128.927	-0.11865	-1	-0.00384888	-6.32846	-5.9	
413.075	129.813	-0.113009	-1	0.00217752	-6.53378	-5.9	
413.261	130.444	-0.107627	-1	0.00734125	-6.73305	-6.2	
413.375	130.82	-0.110016	-1	0.00421864	-6.58231	-6.3	
413.525	131.318	-0.11309	-1	0.000723039	-6.62451	-6.4	
413.798	132.204	-0.116523	-1	-0.00278305	-6.72584	-6.5	
413.992	132.823	-0.114019	-1	5.7018e-08	-6.70419	-6.5	
414.107	133.2	-0.109068	-1	0.00495052	-6.74191	-6.5	
414.301	133.831	-0.103674	-1	0.00984937	-6.89167	-6.6	
414.626	134.827	-0.113562	-1	-0.00102363	-6.88891	-6.7	
414.706	135.081	-0.105008	-1	0.00763322	-6.94024	-6.7	
414.864	135.579	-0.108572	-1	0.00330518	-7.05915	-6.8	
415.225	136.708	-0.0955272	-1	0.0160199	-7.26428	-6.8	
415.348	137.084	-0.0958037	-1	0.0141415	-7.28609	-6.9	
415.559	137.704	-0.0968014	-1	0.0117296	-7.26772	-7	
415.85	138.578	-0.096452	-1	0.010906	-7.3827	-7	
416.017	139.076	-0.0952023	-1	0.0110651	-7.51418	-7	
416.104	139.32	-0.093494	-1	0.0116669	-7.44353	-7.1	
416.491	140.448	-0.0926492	-1	0.011345	-7.53577	-7.3	
416.658	140.935	-0.0914506	-1	0.0114091	-7.64277	-7.3	
416.878	141.566	-0.0864505	-1	0.0152683	-7.71709	-7.3	
417.141	142.307	-0.0842323	-1	0.0159596	-7.77545	-7.4	
417.273	142.683	-0.0870878	-1	0.0115082	-7.79008	-7.4	
417.404	143.049	-0.081561	-1	0.0158842	-7.87693	-7.5	
417.808	144.166	-0.0779639	-1	0.0178928	-7.87761	-7.6	
417.948	144.542	-0.0790629	-1	0.0150046	-7.92469	-7.6	
418.229	145.283	-0.0777727	-1	0.0147944	-7.84983	-7.6	
418.509	146.035	-0.0731657	-1	0.0179219	-7.93405	-7.7	
418.65	146.4	-0.0768752	-1	0.0124202	-7.89805	-7.7	
418.886	147.02	-0.0796081	-1	0.00844524	-7.96691	-7.7	
419.211	147.894	-0.0636692	-1	0.0235397	-8.0815	-7.8	
419.307	148.137	-0.0702064	-1	0.0146485	-8.05434	-7.8	
419.701	149.132	-0.073061	-1	0.010329	-8.03708	-7.8	
419.841	149.509	-0.0635131	-1	0.018844	-8.15322	-7.9	
420.043	150.006	-0.0687877	-1	0.011685	-8.16545	-8	
420.445	151.001	-0.0683695	-1	0.0109347	-8.04282	-8	
420.541	151.245	-0.0715474	-1	0.00666339	-8.14608	-8	
420.751	151.742	-0.0759618	-1	0.00158267	-7.97642	-8	
421.206	152.87	-0.0636033	-1	0.0137828	-8.20758	-7.9	
421.364	153.235	-0.0611117	-1	0.0148962	-8.11976	-8	
421.626	153.854	-0.066518	-1	0.00800025	-8.12433	-8	
421.985	154.728	-0.056414	-1	0.0173043	-8.23614	-8	
422.142	155.104	-0.0499021	-1	0.0220857	-8.33595	-8	
422.413	155.723	-0.0536047	-1	0.0161745	-8.21649	-8	
422.788	156.585	-0.0452758	-1	0.0228859	-8.09108	-8.1	
423.007	157.083	-0.0459868	-1	0.0198863	-8.0959	-8.1	
423.225	157.58	-0.0460956	-1	0.017789	-8.07122	-8.1	
423.496	158.188	-0.0428097	-1	0.0192959	-8.08881	-8	
423.836	158.929	-0.0511215	-1	0.00905453	-7.96654	-8	
424.055	159.427	-0.0406806	-1	0.01859	-7.87013	-8	
424.281	159.913	-0.0432625	-1	0.0141491	-7.80834	-8	
424.788	161.018	-0.0444791	-1	0.0115176	-7.76136	-7.8	
424.901	161.272	-0.039461	-1	0.0153839	-7.7233	-7.8	
425.128	161.759	-0.0409728	-1	0.0123337	-7.6319	-7.8	
425.416	162.367	-0.0382614	-1	0.0138118	-7.63581	-7.7	
425.878	163.339	-0.0357425	-1	0.0149495	-7.49352	-7.7	
426	163.582	-0.0441843	-1	0.00501275	-7.44652	-7.6	
426.296	164.201	-0.0397018	-1	0.00899399	-7.49648	-7.4	
426.654	164.931	-0.0447616	-1	0.00303471	-7.46508	-7.4	
427.011	165.649	-0.0388781	-1	0.00861482	-7.41943	-7.3	
427.307	166.257	-0.0359145	-1	0.0107169	-7.49609	-7.3	
427.551	166.743	-0.0405711	-1	0.00498861	-7.5231	-7.3	
427.909	167.472	-0.0294272	-1	0.0156336	-7.56582	-7.3	
428.283	168.201	-0.035838	-1	0.00765949	-7.65887	-7.3	
428.649	168.93	-0.0321099	-1	0.0106217	-7.74965	-7.3	
428.771	169.162	-0.0296204	-1	0.0120489	-7.81165	-7.3	
429.215	170.013	-0.0270274	-1	0.0134371	-7.86192	-7.3	
429.528	170.61	-0.0313484	-1	0.00777232	-7.82095	-7.4	
429.781	171.096	-0.023939	-1	0.0144046	-7.91858	-7.5	
430.033	171.571	-0.0283737	-1	0.0085294	-7.83888	-7.6	
430.546	172.532	-0.0256613	-1	0.0103888	-7.84402	-7.6	
430.668	172.775	-0.0175859	-1	0.0174253	-7.95773	-7.6	
430.99	173.371	-0.0152879	-1	0.0179808	-7.99739	-7.6	
431.451	174.211	-0.0236786	-1	0.007792	-7.92865	-7.7	
431.712	174.685	-0.0240225	-1	0.00666898	-7.90383	-7.8	
431.973	175.16	-0.0217637	-1	0.00826079	-7.93508	-7.8	
432.434	175.989	-0.0230776	-1	0.00612085	-7.85383	-7.9	
432.634	176.342	-0.0281828	-1	0.000403601	-7.73765	-7.9	
432.973	176.938	-0.0339565	-1	-0.00541047	-7.72926	-7.8	
433.312	177.523	-0.0471355	-1	-0.0180485	-7.53067	-7.8	
433.712	178.23	-0.0448924	-1	-0.0140005	-7.5404	-7.8	
433.981	178.705	-0.0379847	-1	-0.00569274	-7.60996	-7.7	
434.259	179.169	-0.0511748	-1	-0.0183135	-7.53883	-7.6	
434.737	179.986	-0.0562368	-1	-0.0215442	-7.38217	-7.6	
435.076	180.571	-0.0535797	-1	-0.0167327	-7.44502	-7.5	
435.285	180.924	-0.0542911	-1	-0.0157708	-7.49763	-7.4	
435.771	181.741	-0.0473976	-1	-0.00730022	-7.69401	-7.3	
436.127	182.315	-0.053226	-1	-0.0123987	-7.60333	-7.3	
436.335	182.657	-0.0571262	-1	-0.015059	-7.63992	-7.3	
436.613	183.121	-0.0559403	-1	-0.0123672	-7.72066	-7.4	
437.247	184.158	-0.0534405	-1	-0.00863062	-7.93824	-7.4	
437.464	184.501	-0.0573854	-1	-0.0117125	-7.95566	-7.4	
437.673	184.843	-0.0516211	-1	-0.00477694	-8.10267	-7.4	
438.323	185.869	-0.0535576	-1	-0.00623572	-8.25128	-7.7	
438.54	186.211	-0.0595568	-1	-0.0116113	-8.22785	-7.8	
438.757	186.553	-0.0508265	-1	-0.00171989	-8.32517	-7.9	
439.408	187.569	-0.055647	-1	-0.0063684	-8.39509	-7.9	
439.625	187.911	-0.0478384	-1	0.002077	-8.52036	-8.2	
439.989	188.473	-0.0480339	-1	0.00167379	-8.65993	-8.3	
440.501	189.268	-0.0397698	-1	0.00977051	-8.77757	-8.3	
440.805	189.709	-0.0529097	-1	-0.00434643	-8.76834	-8.2	
441.1	190.162	-0.0519053	-1	-0.00290737	-8.90315	-8.4	
441.62	190.934	-0.0502377	-1	-0.000949045	-8.84103	-8.8	
441.923	191.386	-0.0576116	-1	-0.00822809	-8.80563	-8.8	
442.218	191.827	-0.052219	-1	-0.00201261	-8.90445	-8.6	
442.6	192.379	-0.0623882	-1	-0.0119806	-8.93291	-8.6	
443.05	193.041	-0.0617362	-1	-0.0101305	-9.01002	-8.7	
443.51	193.691	-0.0781859	-1	-0.0255671	-8.79527	-8.8	
443.735	194.022	-0.0786994	-1	-0.023524	-8.82383	-8.8	
444.35	194.894	-0.079591	-1	-0.0220632	-8.73452	-8.8	
444.662	195.324	-0.0803313	-1	-0.0205971	-8.57761	-8.8	
444.965	195.765	-0.0809214	-1	-0.0191275	-8.71608	-8.7	
445.511	196.515	-0.0860975	-1	-0.0223908	-8.28274	-8.8	
445.667	196.724	-0.0865841	-1	-0.0206383	-8.10951	-8.7	
445.979	197.154	-0.0865217	-1	-0.0185121	-8.0609	-8.4	
446.369	197.695	-0.0868796	-1	-0.0170189	-7.89003	-8.3	
447.001	198.543	-0.0936871	-1	-0.0221245	-7.58572	-8.1	
447.157	198.753	-0.0933432	-1	-0.0195681	-7.47238	-8	
447.468	199.172	-0.0972113	-1	-0.0214794	-7.44474	-7.8	
448.178	200.12	-0.0811145	-1	-0.00323467	-6.98999	-7.4	
448.421	200.429	-0.0913593	-1	-0.0131559	-6.92176	-7.3	
448.81	200.947	-0.0884977	-1	-0.00897878	-6.6382	-7.3	
449.364	201.674	-0.0750302	-1	0.00538658	-6.16162	-7	
449.685	202.082	-0.0816755	-1	-0.0017974	-5.88777	-6.7	
450.074	202.589	-0.0820185	-1	-0.00196065	-5.54781	-6.4	
450.55	203.195	-0.0751585	-1	0.00509544	-5.24441	-6.2	
450.784	203.493	-0.075104	-1	0.00464041	-4.99259	-5.9	
451.182	203.989	-0.074485	-1	0.00479538	-4.67594	-5.5	
451.735	204.683	-0.074652	-1	0.00414883	-4.23317	-5.1	
452.047	205.079	-0.0674637	-1	0.0109222	-4.15992	-4.9	
452.358	205.476	-0.0541322	-1	0.0231615	-4.02821	-4.6	
452.904	206.159	-0.0477736	-1	0.0272039	-3.84612	-4.2	
453.224	206.545	-0.04023	-1	0.0320272	-3.5117	-4.1	
453.535	206.931	-0.040535	-1	0.0285194	-3.34074	-3.9	
453.924	207.404	-0.0400835	-1	0.026119	-3.14991	-3.7	
454.391	207.977	-0.0275375	-1	0.0360531	-2.8556	-3.5	
454.703	208.363	-0.0134561	-1	0.0465292	-2.82037	-3.3	
455.023	208.749	-0.0137602	-1	0.0415722	-2.43128	-3	
455.568	209.41	-0.00121921	-1	0.0499559	-2.36001	-2.8	
455.965	209.883	0.00107094	-0.998929	0.0472505	-2.17579	-2.6	
456.199	210.17	0.0149753	-0.983954	0.0564298	-2.37913	-2.4	
456.597	210.643	0.0212408	-0.962713	0.0570524	-2.26483	-2.3	
457.228	211.392	0.0211924	-0.941521	0.0512987	-2.12256	-2.2	
457.392	211.579	0.0186365	-0.922884	0.0436129	-2.20538	-2.2	
457.79	212.053	0.0273411	-0.895543	0.0479562	-2.28265	-2.1	
458.43	212.802	0.0236332	-0.87191	0.0394527	-2.10209	-2.1	
458.585	212.989	0.0270299	-0.84488	0.0389041	-2.23954	-2.1	
458.905	213.364	0.0335641	-0.811316	0.0415479	-2.29762	-2.1	
459.631	214.212	0.0237054	-0.78761	0.0275344	-2.29357	-2.1	
459.873	214.498	0.0327583	-0.754852	0.0338339	-2.40905	-2.1	
460.107	214.774	0.0393477	-0.715504	0.0370399	-2.62412	-2.1	
460.833	215.599	0.0331326	-0.682372	0.0271208	-2.45787	-2.1	
461.066	215.886	0.0446255	-0.637746	0.0359016	-2.71445	-2.2	
461.317	216.161	0.0284853	-0.609261	0.0161713	-2.64653	-2.3	
462.043	216.998	0.0295228	-0.579738	0.0155916	-2.37222	-2.4	
462.285	217.273	0.0273477	-0.552391	0.0118574	-2.35499	-2.4	
462.614	217.648	0.0272794	-0.525111	0.0106033	-2.1588	-2.4	
463.27	218.385	0.0140299	-0.511081	-0.00370649	-1.62586	-2.4	
463.435	218.573	0.0139951	-0.497086	-0.00337067	-1.5819	-2.2	
464.005	219.222	0.00702629	-0.49006	-0.0100024	-1.01661	-2	
464.333	219.586	0.00560268	-0.484457	-0.0104258	-0.810282	-1.9	
464.826	220.136	-0.00819033	-0.492648	-0.0231762	0.0209298	-1.6	
465.318	220.687	-0.0147647	-0.507412	-0.027433	0.664812	-1.2	
465.647	221.05	-0.0199319	-0.527344	-0.0298569	1.32533	-0.3	
465.975	221.413	-0.0339109	-0.561255	-0.0408501	2.17469	0	
466.554	222.052	-0.039252	-0.600507	-0.0421062	3.28625	0.6	
466.882	222.404	-0.0533022	-0.653809	-0.0519458	4.40503	1.4	
467.366	222.943	-0.0660765	-0.719886	-0.0595256	5.43396	2.4	
467.859	223.483	-0.0722659	-0.792152	-0.0597624	6.63044	3.4	
468.023	223.659	-0.0782814	-0.870433	-0.0598016	7.75379	4.3	
468.584	224.286	-0.076618	-0.947051	-0.052158	8.91702	5.5	
468.826	224.551	-0.0762847	-1	-0.046609	9.78164	6.5	
469.31	225.079	-0.0808378	-1	-0.0465012	10.5051	7.7	
469.785	225.596	-0.0929829	-1	-0.0539962	11.1037	8.5	
470.105	225.949	-0.0977255	-1	-0.0533392	11.7615	9.4	
470.502	226.389	-0.0955884	-1	-0.0458681	12.3586	10.5	
470.969	226.906	-0.092868	-1	-0.0385609	12.6433	11	
471.28	227.248	-0.0975587	-1	-0.0393955	13.2798	11.6	
471.669	227.688	-0.0947086	-1	-0.0326058	13.6788	12.2	
472.058	228.117	-0.0912793	-1	-0.025916	14.2158	12.8	
472.282	228.371	-0.0939066	-1	-0.0259517	14.2056	13	
472.593	228.712	-0.0873142	-1	-0.0167641	15.0447	13.4	
473.276	229.471	-0.088068	-1	-0.0158415	16.2252	14	
473.501	229.725	-0.086356	-1	-0.0125453	16.5658	14.9	
473.872	230.143	-0.0912305	-1	-0.0161653	17.0924	15.4	
474.391	230.738	-0.0725586	-1	0.00412309	17.8368	15.8	
474.685	231.068	-0.0643524	-1	0.011917	18.52	16.6	
474.97	231.41	-0.0559873	-1	0.0190904	18.8459	17.2	
475.549	232.07	-0.0429289	-1	0.0302397	19.6059	17.9	
475.687	232.235	-0.0400717	-1	0.030073	19.6684	18.3	
476.189	232.819	-0.0322018	-1	0.0349356	20.4195	19.1	
476.474	233.138	-0.0274591	-1	0.0361847	21.1125	19.4	
476.759	233.469	-0.0209902	-1	0.0390352	21.3747	19.9	
477.304	234.13	0.00680032	-0.9932	0.0629221	21.8785	20.3	
477.442	234.284	0.00654231	-0.986657	0.0563719	22.1889	21	
477.78	234.692	0.00705297	-0.979604	0.0512454	22.3745	21.3	
478.117	235.099	0.0204682	-0.959136	0.059536	22.2793	21.7	
478.515	235.595	0.0474397	-0.911697	0.080554	22.1916	21.9	
478.913	236.08	0.0543593	-0.857337	0.0794182	21.7407	22.2	
479.172	236.399	0.0685037	-0.788834	0.0856207	21.1663	22.2	
479.432	236.719	0.0663171	-0.722516	0.0748721	20.5914	22.2	
479.76	237.115	0.0746825	-0.647834	0.0757502	20.1896	21.9	
480.141	237.6	0.0801961	-0.567638	0.0736889	19.3639	21.5	
480.392	237.92	0.0792065	-0.488431	0.0653303	18.377	20.8	
480.704	238.317	0.0880349	-0.400396	0.0676258	17.1105	20	
481.076	238.791	0.0897891	-0.310607	0.0626174	15.9719	19.1	
481.439	239.265	0.0959422	-0.214665	0.0625087	14.6936	18.1	
481.682	239.584	0.0955093	-0.119156	0.0558249	13.6228	16.9	
482.045	240.058	0.0908575	-0.0282984	0.0455906	12.686	15.8	
482.34	240.455	0.0937502	0.0654518	0.0439242	10.9821	14.7	
482.582	240.764	0.0858384	0.15129	0.0316201	9.87317	13.6	
482.816	241.072	0.0764241	0.227714	0.0190437	8.73416	12.4	
483.231	241.612	0.0567161	0.28443	-0.0025686	8.26024	11.1	
483.352	241.767	0.0428741	0.327304	-0.0161538	7.89037	9.8	
483.803	242.384	0.026857	0.354161	-0.0305555	6.52718	9.3	
484.037	242.693	0.018539	0.3727	-0.0358179	6.23789	8.4	
484.262	242.991	-0.00142026	0.37128	-0.0521954	6.02725	7.5	
484.651	243.52	-0.0208937	0.350386	-0.0664493	6.01102	6.9	
484.764	243.674	-0.0297023	0.320684	-0.068613	5.83332	6.7	
485.093	244.126	-0.0571354	0.263549	-0.0891848	5.91327	6.4	
485.491	244.644	-0.100391	0.163157	-0.123522	6.71506	6.2	
485.716	244.942	-0.130102	0.0330554	-0.140881	7.69813	6.1	
485.933	245.24	-0.145887	-0.112832	-0.142578	9.25824	6.2	
486.314	245.747	-0.196002	-0.308834	-0.178435	10.4173	6.7	
486.53	246.033	-0.224056	-0.53289	-0.188646	12.3582	7.9	
486.738	246.32	-0.251679	-0.784569	-0.197404	13.9459	9.1	
487.111	246.827	-0.297557	-1	-0.223542	15.7426	9.6	
487.37	247.18	-0.322525	-1	-0.226155	14.9943	10.3	
487.682	247.61	-0.369772	-1	-0.250787	14.0003	11.1	
487.682	247.61	-0.369772	-1	-0.225708	13.9466	11.1	
487.682	247.61	-0.369772	-1	-0.203137	13.8983	11.1	
